0.000000000000000000e+00
3.351923188984346630e-02
6.703846377968693260e-02
1.005576956695304058e-01
1.340769275593738652e-01
1.675961594492173246e-01
2.011153913390608117e-01
2.346346232289042710e-01
2.681538551187477304e-01
3.016730870085911898e-01
3.351923188984346491e-01
3.687115507882781085e-01
4.022307826781216233e-01
4.357500145679650827e-01
4.692692464578085421e-01
5.027884783476519459e-01
5.363077102374954608e-01
5.698269421273389757e-01
6.033461740171823795e-01
6.368654059070258944e-01
6.703846377968692982e-01
7.039038696867128131e-01
7.374231015765562169e-01
7.709423334663997318e-01
8.044615653562432467e-01
8.379807972460866505e-01
8.715000291359301654e-01
9.050192610257735693e-01
9.385384929156170841e-01
9.720577248054604880e-01
1.005576956695303892e+00
1.039096188585147518e+00
1.072615420474990922e+00
1.106134652364834325e+00
1.139653884254677951e+00
1.173173116144521355e+00
1.206692348034364759e+00
1.240211579924208163e+00
1.273730811814051789e+00
1.307250043703895193e+00
1.340769275593738596e+00
1.374288507483582222e+00
1.407807739373425626e+00
1.441326971263269030e+00
1.474846203153112434e+00
1.508365435042956060e+00
1.541884666932799464e+00
1.575403898822642867e+00
1.608923130712486493e+00
1.642442362602329897e+00
1.675961594492173301e+00
1.709480826382016705e+00
1.743000058271860331e+00
1.776519290161703735e+00
1.810038522051547139e+00
1.843557753941390542e+00
1.877076985831234168e+00
1.910596217721077572e+00
1.944115449610920976e+00
1.977634681500764602e+00
2.011153913390607784e+00
2.044673145280451632e+00
2.078192377170295035e+00
2.111711609060138439e+00
2.145230840949981843e+00
2.178750072839825247e+00
2.212269304729668651e+00
2.245788536619512055e+00
2.279307768509355903e+00
2.312827000399199306e+00
2.346346232289042710e+00
2.379865464178886114e+00
2.413384696068729518e+00
2.446903927958572922e+00
2.480423159848416326e+00
2.513942391738260174e+00
2.547461623628103577e+00
2.580980855517946981e+00
2.614500087407790385e+00
2.648019319297633789e+00
2.681538551187477193e+00
2.715057783077320597e+00
2.748577014967164445e+00
2.782096246857007849e+00
2.815615478746851252e+00
2.849134710636694656e+00
2.882653942526538060e+00
2.916173174416381464e+00
2.949692406306224868e+00
2.983211638196068716e+00
3.016730870085912120e+00
3.050250101975755523e+00
3.083769333865598927e+00
3.117288565755442331e+00
3.150807797645285735e+00
3.184327029535129139e+00
3.217846261424972987e+00
3.251365493314816391e+00
3.284884725204659794e+00
3.318403957094503198e+00
3.351923188984346602e+00
3.385442420874190006e+00
3.418961652764033410e+00
3.452480884653876814e+00
3.486000116543720662e+00
3.519519348433564065e+00
3.553038580323407469e+00
3.586557812213250873e+00
3.620077044103094277e+00
3.653596275992937681e+00
3.687115507882781085e+00
3.720634739772624933e+00
3.754153971662468336e+00
3.787673203552311740e+00
3.821192435442155144e+00
3.854711667331998548e+00
3.888230899221841952e+00
3.921750131111685356e+00
3.955269363001529204e+00
3.988788594891372608e+00
4.022307826781215567e+00
4.055827058671059859e+00
4.089346290560903263e+00
4.122865522450746667e+00
4.156384754340590071e+00
4.189903986230433475e+00
4.223423218120276879e+00
4.256942450010120282e+00
4.290461681899963686e+00
4.323980913789807090e+00
4.357500145679650494e+00
4.391019377569493898e+00
4.424538609459337302e+00
4.458057841349180705e+00
4.491577073239024109e+00
4.525096305128867513e+00
4.558615537018711805e+00
4.592134768908555209e+00
4.625654000798398613e+00
4.659173232688242017e+00
4.692692464578085421e+00
4.726211696467928824e+00
4.759730928357772228e+00
4.793250160247615632e+00
4.826769392137459036e+00
4.860288624027302440e+00
4.893807855917145844e+00
4.927327087806989248e+00
4.960846319696832651e+00
4.994365551586676943e+00
