0.000000000000000000e+00
3.010299956639811980e-01
4.771212547196624354e-01
9.030899869919435385e-01
1.000000000000000000e+00
1.041392685158224918e+00
1.255272505103306013e+00
1.447158031342219209e+00
1.505149978319906046e+00
1.556302500767287267e+00
1.748188027006200462e+00
1.944482672150168678e+00
2.000000000000000000e+00
2.021189299069938272e+00
2.100370545117562937e+00
2.176091259055681348e+00
2.198657086954422635e+00
2.222716471147583306e+00
2.301029995663981254e+00
2.376576957056511841e+00
2.399673721481037969e+00
2.423245873936807904e+00
2.499687082618403888e+00
2.577491799837225539e+00
2.599883072073687629e+00
2.622214022966295133e+00
2.699837725867245908e+00
2.777426822389311489e+00
2.800029359244134319e+00
2.822821645303104532e+00
2.899820502427096436e+00
2.977266212427292835e+00
3.000000000000000000e+00
3.022428371185486462e+00
3.100025730107862643e+00
3.177536499929862313e+00
3.200029266553770402e+00
3.222456336679246469e+00
3.299942900022767134e+00
3.377488383376132663e+00
3.400019635065158585e+00
3.422589839851482019e+00
3.499961865596190158e+00
3.577491799837225095e+00
3.599992177584097952e+00
3.622524862403568413e+00
3.700011062322112299e+00
3.777426822389311489e+00
3.800029359244134319e+00
3.822560336942692150e+00
3.899984562549390965e+00
3.977449227382341412e+00
4.000000000000000000e+00
4.005652315355074045e+00
4.025018972282759400e+00
4.044382947073536627e+00
4.049992856920142437e+00
4.055645859994655211e+00
4.074999186064198753e+00
4.094366298336134413e+00
4.099991233544684199e+00
4.105646412651235977e+00
4.124993020025894630e+00
4.144356227368183099e+00
4.149988456491476185e+00
4.155639633759776075e+00
4.174989650407334274e+00
4.194375567482212297e+00
4.200001865406601809e+00
4.205637359479428738e+00
4.224998960539452675e+00
4.244376094020571699e+00
4.250005028486895320e+00
4.255634266458587334e+00
4.274988681770684806e+00
4.294355985145160481e+00
4.300008202553812886e+00
4.305630775996965198e+00
4.325002252165037753e+00
4.344372621906474663e+00
4.349995899262856014e+00
4.355643050220868950e+00
4.375004815530640023e+00
4.394364112627128449e+00
4.400002345927956249e+00
4.405636589806666947e+00
4.424995909617361001e+00
4.444357125656027918e+00
4.450002630173186091e+00
4.455636534947603700e+00
4.475002528481943465e+00
4.494363339267308355e+00
4.500003068051693589e+00
4.505638284991016818e+00
4.525005913252151402e+00
4.544365744223856751e+00
4.549995851530651336e+00
4.555638487947553550e+00
4.575002999433531059e+00
4.594359396859482025e+00
4.600003086627740601e+00
4.605638990395858556e+00
4.625003601014863186e+00
4.644369648364129688e+00
4.649996507466041429e+00
4.655637778453245446e+00
4.674998844427144640e+00
4.694368246405055345e+00
4.700002397142253763e+00
4.705632825113360340e+00
4.724996364344266730e+00
4.744363403545267310e+00
4.749998976558349462e+00
4.755638596176119393e+00
4.774998437160215659e+00
4.794362550187309502e+00
4.800001827817968802e+00
4.805636766305934948e+00
4.824997454329465363e+00
4.844365325854887772e+00
4.850002586092460710e+00
4.855634225431282758e+00
4.874997562196152323e+00
4.894365915056960503e+00
4.900000965153469501e+00
4.905634001326954596e+00
4.925002507680977359e+00
4.944364212046173712e+00
4.949999542859922386e+00
4.955634843001245571e+00
4.974999596883709962e+00
4.994365551586676943e+00
