1.625026315528994746e+04
1.081789721966867000e+04
1.770485855400691435e+04
1.052681625993416128e+04
1.037296387973125093e+04
1.027386253387555007e+04
1.381703031153127631e+04
1.362897802273868547e+04
1.346202946780437378e+04
1.341588891985856026e+04
1.318002176760104339e+04
1.266324842944786906e+04
1.320977915995852527e+04
1.305135831172164944e+04
1.251338836152980184e+04
1.228157008000167843e+04
1.380002112369241149e+04
1.338593441035909564e+04
1.416969952414780528e+04
1.460279226183456012e+04
1.408103560359492440e+04
1.481823495368280419e+04
1.336639311126872053e+04
1.412290482096394408e+04
1.433676248308929280e+04
1.379328640688917039e+04
1.388627825956346169e+04
1.317740388840118976e+04
1.316039988163875023e+04
1.260266953828794249e+04
1.252454759230395575e+04
1.054746050361635389e+04
9.024618747063090268e+03
9.172770721302234961e+03
8.891852545293144431e+03
8.621882848044735510e+03
8.529724201638417071e+03
8.782306859093516323e+03
9.180807867863208230e+03
8.102904487157015865e+03
8.970277154430907103e+03
8.712109293374260233e+03
7.506544209887702891e+03
7.612985774643172590e+03
7.505909298038581255e+03
7.217068136805532959e+03
7.280137962714788046e+03
7.060184985452847286e+03
7.086089955106090201e+03
6.401706456324629471e+03
6.663509746124935191e+03
6.523043223452896200e+03
6.516087481543184367e+03
6.756065531227052816e+03
6.950167878231240138e+03
8.157833175181564002e+03
7.910167164787359980e+03
7.587452132599500146e+03
7.767116055505201075e+03
7.166483652143680047e+03
6.509129069162102496e+03
6.531807400045820032e+03
6.110707406569033083e+03
6.121631192266868311e+03
6.052634479557449595e+03
6.440898108538205634e+03
6.025864403327051150e+03
6.123035099934764730e+03
6.276700082307702360e+03
6.109150485402761660e+03
5.130427785498440244e+03
5.356803424146536599e+03
5.256329954064050071e+03
5.223082612890962992e+03
5.123461332360416236e+03
5.525263587111882771e+03
4.928999557453245870e+03
4.801319099517054383e+03
4.738126502902742686e+03
4.915484636409200903e+03
4.758386152914077684e+03
4.624105365110035564e+03
4.075413810676923276e+03
4.172838453786488571e+03
4.372817929233681753e+03
4.384298704236042795e+03
4.960274032408025050e+03
4.896404237587884381e+03
5.064137825747525312e+03
5.171023180437538940e+03
5.259881707283934702e+03
5.175701227001661209e+03
5.042985360890351330e+03
5.274923384928511950e+03
4.966098030477903194e+03
5.245577489748952758e+03
5.341828467126876603e+03
5.589419593005859497e+03
5.449779519300459469e+03
5.166540268217829180e+03
4.995334445593217424e+03
4.856511557431687834e+03
5.108091297644837141e+03
3.871988016387895641e+03
3.798472420668768791e+03
3.860942503858949294e+03
3.779452990944449994e+03
3.758448267781069262e+03
3.866986268444260531e+03
3.779889719616188358e+03
3.648224707135919743e+03
3.662789936597956967e+03
3.822330854663040100e+03
3.789303959110013238e+03
3.889332577818259779e+03
3.662948162867955034e+03
3.731496247278190822e+03
3.567963207155186410e+03
3.857414775012304290e+03
3.821499732008481260e+03
3.770628264776386914e+03
3.671988945408264954e+03
3.735289658520674038e+03
3.506549304581839351e+03
3.541572322138255913e+03
3.710390577257820951e+03
3.603277914120972127e+03
3.532467529123251097e+03
3.555553665292902224e+03
3.666796546672211207e+03
3.218202848237447142e+03
3.340525933017724128e+03
3.587197816723530195e+03
3.224747810996098451e+03
3.192685616027663855e+03
3.081334107847212636e+03
3.048224771869818142e+03
3.020534593934341501e+03
3.186068438292872997e+03
3.116077575538954079e+03
3.115519276886061562e+03
3.038816843421271187e+03
3.026090563418493275e+03
3.077769919665535326e+03
3.148754419874674113e+03
3.106604931412995484e+03
2.998241574981227132e+03
2.957794737699508460e+03
2.980344234723570480e+03
2.920120431204297347e+03
2.863928574367173496e+03
2.853999168082398683e+03
2.963777853565412897e+03
2.980098175638668181e+03
2.894341449237399502e+03
2.910500682610831063e+03
2.838527187206731924e+03
2.882134717477144022e+03
2.876542739012506445e+03
2.846036541381403822e+03
2.931883158576738424e+03
3.036439200757818526e+03
2.980419126686965683e+03
3.157261926278942610e+03
2.918352308005711166e+03
2.817017312206960469e+03
2.943683846162188274e+03
2.989242817032850780e+03
2.803786402151979473e+03
2.821677759766224426e+03
2.949803985489824299e+03
2.835544404123102140e+03
2.826964757610196102e+03
2.972422796235485293e+03
2.722798937780331471e+03
2.743736506646649559e+03
2.570520120036432672e+03
2.723110585746724610e+03
2.671165120193189068e+03
2.806696961415552778e+03
2.769807025299491215e+03
2.750815709750013866e+03
2.707530395044032502e+03
2.764402616360548564e+03
2.748484402257121474e+03
2.625828732589184256e+03
2.532175411283315498e+03
2.577300433684790733e+03
2.556049235543407121e+03
2.487891072386775704e+03
2.393019660113784994e+03
2.535366044129395959e+03
2.527832667055723959e+03
2.575305187819651110e+03
2.507069211612052641e+03
2.630374554519142293e+03
2.420553940198037708e+03
2.459851276010845595e+03
2.390484918590786947e+03
2.345814670521433527e+03
2.387635887729903516e+03
2.352002454297567056e+03
2.353124320991345485e+03
2.353583418315814924e+03
2.377534839726863538e+03
2.430288120802548747e+03
2.317494528039005672e+03
2.414911527176436721e+03
2.402413856527223288e+03
2.404902373920595437e+03
2.373910335188026238e+03
2.305872953770862750e+03
2.302925338584008387e+03
2.362603638078866879e+03
2.369487168810138428e+03
2.318804859234341166e+03
2.251278737155319959e+03
2.276104826344812409e+03
2.231309874729907278e+03
2.278967623251883197e+03
2.240917473297169181e+03
2.061943221220307805e+03
2.107554002344025321e+03
2.164708485051285152e+03
2.089331496682984380e+03
2.081615348878701752e+03
2.007695351589612983e+03
1.990534148305579265e+03
1.932796225967687178e+03
1.943528470355642412e+03
1.916409484412957681e+03
1.850505566061774744e+03
1.933955688495545701e+03
1.847853746562069318e+03
1.827112386600625314e+03
1.557701979119937960e+03
1.665283604488026413e+03
1.627131021725002483e+03
1.553375438291189539e+03
1.612086606112199206e+03
1.558156899653869459e+03
1.516562179503060861e+03
1.464617238691094144e+03
1.479521911708643302e+03
1.384857534587024475e+03
1.461523324092063604e+03
1.472597626992277128e+03
1.380588193148372056e+03
1.397517950401723283e+03
1.494315642970226463e+03
1.356050273910946089e+03
1.352206998855241636e+03
1.464326213651485887e+03
1.435513847233589104e+03
1.340486012516470737e+03
1.386265217548218970e+03
1.311195028631281957e+03
1.222768707395782940e+03
1.433326941531555576e+03
1.315283149464875578e+03
1.278702185659785755e+03
1.252198153482796442e+03
1.305082702445291943e+03
1.465589770337324353e+03
1.298486571270266495e+03
1.219825954722887900e+03
1.241129191074228402e+03
1.235488507901073262e+03
1.296043441409355637e+03
1.240523254384889015e+03
1.295688045357090232e+03
1.315229319895073786e+03
1.258647810418239260e+03
1.305285204484834367e+03
1.478865904478686389e+03
1.630570388620780022e+03
1.276474595662520414e+03
1.187091024002787208e+03
1.213461182373281190e+03
1.154793818631495242e+03
1.554446847277247571e+03
1.190187167108652829e+03
1.400942797792102510e+03
1.238054311928998004e+03
1.348461176566824633e+03
1.251099293320757852e+03
1.183205243115672602e+03
1.244684360116279322e+03
1.244194827792912065e+03
1.248750828692462846e+03
1.230097297907164602e+03
1.232676323131999425e+03
1.233341660474277887e+03
1.181318439712137206e+03
1.196913776925634238e+03
1.256771687304335273e+03
1.290721615744349492e+03
1.249446735599445674e+03
1.302189536395215782e+03
1.296940631370546953e+03
1.256502124454969362e+03
1.397592530913606879e+03
1.202907339545716241e+03
1.259828747065153038e+03
1.070753518080637832e+03
1.183024521048849920e+03
1.116699709356193580e+03
1.217752329628088319e+03
1.072400906529260055e+03
1.119393416053865394e+03
1.113701107425398959e+03
1.124167317005402310e+03
1.098256668443521221e+03
1.088520221605828056e+03
1.158927006806823329e+03
1.216941988310435136e+03
1.199436886618864719e+03
1.188532440743594861e+03
1.004049562706884785e+03
1.506039071609333405e+03
1.003860243108722671e+03
1.033999262651122535e+03
1.024175509658181682e+03
1.064302298821901331e+03
1.035267469042304811e+03
1.037701753202297596e+03
1.009280146287725302e+03
9.747212736142319045e+02
1.021264492631206053e+03
1.019147935388560995e+03
1.062629750324721499e+03
1.112475189308362815e+03
9.809908068591962547e+02
9.352083337948332655e+02
9.752507946919380402e+02
9.898403610627231046e+02
1.066674116820977588e+03
1.045858387907841916e+03
9.178632346678234626e+02
1.021433630337051454e+03
9.223967648611619552e+02
9.155392289593035002e+02
9.553291618046127951e+02
9.752809211254998445e+02
9.750970142939769403e+02
9.615715083670926333e+02
1.057546293715223328e+03
1.013734146504328464e+03
8.628123413365555052e+02
1.024822324132564063e+03
1.010204621259078294e+03
9.943547418157312450e+02
1.012484611750972590e+03
1.000056407784885664e+03
9.960740233410941755e+02
1.019334082610850373e+03
9.870554109735741122e+02
9.530340184506029573e+02
9.536990041419377349e+02
9.326582104112155776e+02
9.352642717951083569e+02
9.223070433767143186e+02
9.128981807573517244e+02
9.788236763470785036e+02
9.098979450822522494e+02
9.132465107485323870e+02
9.752603928991314888e+02
9.839967396376837314e+02
9.243885869149886503e+02
9.143274228323946318e+02
9.104813884174081977e+02
8.951003473128724863e+02
8.996796611704024826e+02
9.076621232085693691e+02
9.030691562503839123e+02
8.989976198647873389e+02
8.978150615069968126e+02
8.831044430954973450e+02
9.297833327212958920e+02
8.880595795753364428e+02
9.180895246246760735e+02
9.650143436244196664e+02
9.300566663033974919e+02
8.950385048851497913e+02
9.041593889468906582e+02
8.893293984108563563e+02
8.874626538055789524e+02
8.849017981667587947e+02
8.889487292560900187e+02
8.747819942450338431e+02
8.738028327117588105e+02
8.450276931556641102e+02
8.469246697244269626e+02
1.118555954916781729e+03
8.713240039427977308e+02
8.233434083777443675e+02
8.317351719676779567e+02
8.217618549786468520e+02
8.206684812499279360e+02
7.704158223669257950e+02
8.726577927119492415e+02
8.248818567263948580e+02
7.861507336214060615e+02
8.333759138283826360e+02
8.262580101143222464e+02
8.876401800712338854e+02
9.208892579436110282e+02
8.923621378227269361e+02
8.897032679857292123e+02
8.127016121294226423e+02
8.902996958578180511e+02
9.542147780089065918e+02
9.056102662888636132e+02
8.864597222512336430e+02
8.921920240718212654e+02
8.703783854843233030e+02
8.808007408075239937e+02
8.535276717308647676e+02
8.563482228278905950e+02
8.906600830765595447e+02
9.111793732280381164e+02
8.590348709297662708e+02
8.488240236119943347e+02
8.448897829717335526e+02
8.434108919493384064e+02
8.799877866708053489e+02
8.708779257259693622e+02
8.551795633359936346e+02
8.467681060865436393e+02
8.373536718815245194e+02
8.852634798523527024e+02
8.271474424418030367e+02
8.396782642020463072e+02
8.340004239423125227e+02
8.372642035760100043e+02
8.136337724477175470e+02
8.272461952655249888e+02
8.340322563060783523e+02
8.225214030570089108e+02
8.342871935276681370e+02
8.523214992146099576e+02
8.492109114203731224e+02
8.030358666923200417e+02
8.226126673432468124e+02
8.390974754015204553e+02
8.421200797374932563e+02
8.098543300635673177e+02
8.212473418844050457e+02
8.421105785779396911e+02
8.433172711888332742e+02
8.395801330549803652e+02
8.637789053838719155e+02
8.863761584059320739e+02
8.365800152435316477e+02
9.449431168644500758e+02
8.623363525093129738e+02
8.684006606202153762e+02
8.527553109402446125e+02
8.794251136635206194e+02
8.995792151416862907e+02
9.160088445821417054e+02
8.948772367171017095e+02
8.845866369574789587e+02
8.764230428804931989e+02
8.923761985722478585e+02
6.861883274024418142e+02
