2.268635228869598848e+02
6.385788192330270476e+02
6.218011059871865882e+02
5.086607363115666089e+02
1.690398105655545749e+02
1.135096328620045512e+02
1.706784804018764419e+02
2.425268271000266793e+02
7.283623038030584951e+01
4.943141132757557443e+02
3.621353233078921221e+02
6.632339963724450627e+01
2.324751675409477230e+02
2.277408495467389855e+02
2.171742110940431587e+02
1.910363897889665736e+02
2.301782616614199810e+02
1.789856379509625981e+02
2.749859759916599273e+02
2.253262682803212726e+02
4.646467448108221561e+02
1.930968059797052376e+02
2.061566445708314745e+02
1.661625292163084566e+02
1.316083524271966780e+02
1.720938626910067057e+02
7.622585476135918725e+01
6.827585994317162204e+02
1.830801737545522201e+02
8.802671784434551228e+01
1.306902737820443292e+02
1.186130731225817527e+02
6.091600111757445291e+01
3.816793314972915141e+02
2.629504869773306268e+02
1.023203068552624728e+02
2.505867940369367375e+02
6.141856841746876938e+01
6.659923642145218992e+01
2.854735231223397136e+02
6.860563394399536037e+02
7.897781144652090290e+01
3.352219830892279333e+02
2.790958997530288457e+02
3.874327652012555063e+02
1.265841946693251998e+02
1.957254626229856171e+02
1.253775717015077475e+02
3.202737479366397224e+02
3.920099445695278462e+01
7.407977706772892645e+01
2.132215027537692720e+02
3.065105617297696199e+02
1.380453805010288022e+02
5.888831104839912314e+02
3.698140451726102356e+02
1.026265186175789040e+03
5.990394414653565036e+01
2.193346047933814589e+02
2.902761820846433238e+02
2.633138781370510060e+02
1.034899694943483155e+02
1.260274766335878240e+02
6.260371616493633695e+01
1.461852779766167032e+02
9.257872310974089203e+01
2.398136333461678191e+02
3.691329628780947019e+02
2.806456223795577216e+02
1.322874398353396259e+02
3.131738522472700197e+02
1.494321001254202201e+02
1.474391174321922620e+02
1.243307097679300455e+02
1.553579032530925303e+02
7.196265433191626926e+01
2.049167026082980385e+02
1.193987149207610230e+02
4.292579743100647534e+02
1.644210484757261668e+02
6.479640735302658641e+02
1.417226702909276241e+02
3.632896245454480777e+02
3.015646990563184886e+02
2.334464236272916935e+02
6.186608854704820715e+02
1.049799630215214847e+02
2.021459126855035606e+02
8.839950265809990526e+01
6.080616651063327538e+01
1.757727209177745067e+02
9.926867271857570074e+01
4.871696406776994763e+02
1.515255204045764117e+02
2.373991246786659417e+02
9.889101979652960495e+01
1.983205411378255860e+02
1.179425744146258808e+02
2.173915649633019882e+02
3.844801018422855350e+02
4.132496996221811969e+02
1.523042654451338649e+02
1.520470472619556404e+02
1.446928299800395621e+02
1.326925710842486694e+02
2.792054572205052523e+02
6.675236110280145567e+02
6.826952329713080303e+01
1.884046805879393389e+02
9.902885550857817520e+01
1.070428732489988306e+02
1.799807692147840612e+02
4.775841013088741960e+01
4.488589301574968999e+02
2.033595302714261663e+02
7.272834506185853343e+01
3.553537828520618405e+02
1.289954121816794839e+02
3.798757479756953330e+02
8.350956383968350849e+01
1.285091330328602339e+02
2.140437409656712759e+02
7.239744453705344540e+01
4.611302809685834347e+01
1.407366357876365726e+02
4.935504296187234985e+01
1.530513720126312478e+02
2.577973769923615919e+02
3.190846728908160230e+02
1.225169045631945437e+02
2.722312463487064065e+02
1.749071780067529858e+02
3.949544178864904325e+02
1.987356769564764818e+02
2.233076840698981584e+02
2.866522148146669338e+02
4.725350410782388622e+02
2.220175261858786655e+02
2.610297205259386715e+02
1.342479277810362532e+02
5.298188783789644418e+01
1.250154475212445533e+02
3.586044481827141226e+02
6.106152588123414660e+01
5.973999595252814743e+02
1.851566417121385655e+02
1.362490949370110002e+03
1.167491100666893686e+02
1.791822586911320911e+02
3.345906295781593371e+02
1.215016750766667144e+02
8.455415455138793845e+01
4.335195832871879134e+02
3.217300874661078183e+02
3.395601553845633589e+02
1.371761178484795778e+02
1.130264376290418369e+02
1.606146465612221732e+02
2.923704094628793655e+02
2.075194573793214090e+02
5.416027096465591057e+02
1.307028663321464705e+02
1.324746388063672953e+02
4.122633399170720736e+02
2.312036376701205427e+02
1.129959926129499195e+02
1.259494738562242162e+02
2.523472612602853928e+02
1.980683825970158409e+02
1.541290042722229430e+02
3.352114246235043993e+02
5.112048463469182025e+02
2.817001908514929482e+02
9.301662591975407679e+01
2.322187496528540294e+02
1.907229434393856877e+02
2.125179236344170022e+02
2.582062333438504993e+02
1.195259570692348774e+02
7.819438654795955017e+02
1.974539874615924191e+02
5.402058502833541525e+02
1.648606269267282016e+02
1.832667571078686422e+02
9.756657388874813819e+01
1.485718843236780344e+02
3.968371147622683566e+02
4.187916265877080946e+02
1.907467543924703648e+02
2.217156519853199939e+02
1.566637948321553893e+02
1.480378784061592512e+02
1.827899632963498391e+02
2.416257004968457522e+02
1.983486812090261253e+02
1.263700587962630522e+02
1.438584423224790214e+02
4.803068352001169501e+02
1.495426933066982542e+02
1.793762553191198776e+02
2.364481715557261339e+02
4.314702072139367033e+02
1.392608587442435066e+02
5.466324664529484068e+01
1.831933715208731428e+02
2.804407418525398157e+02
1.786971524969216887e+02
5.276408052644574127e+02
2.176533388401984155e+02
4.869521107053916609e+01
1.103859766532123245e+02
5.466879526511557685e+01
2.023997897413818805e+02
3.185814509251624713e+02
1.157596385607100586e+02
3.322904383620947897e+02
1.235132986403639990e+02
1.289278013975393264e+02
1.378394138912205733e+02
1.638831272163274946e+02
5.695698021217348241e+02
1.792351721695719959e+02
3.246897801140857496e+02
1.121211631130033197e+02
7.015502593346010940e+01
2.042635722696138885e+02
7.025096793514137516e+01
3.873248817997192077e+02
1.036125667415739429e+02
9.017110086449136475e+01
1.261817709768636320e+02
1.787268530895984497e+02
4.606605225157372274e+02
3.951772568030036155e+02
1.009101130053035718e+02
1.180081729724889357e+02
1.385355819780421314e+02
2.879396722878461219e+02
2.309773179270029004e+02
2.333386004620106746e+02
7.055120820930942216e+01
2.152896570219065779e+02
4.082054017161561319e+02
2.253169617403096083e+02
5.321479000917904756e+01
2.890827891934919762e+02
1.993000781336320699e+02
2.566680417055063685e+02
1.707682545552835904e+02
2.233905848308818349e+02
9.296017199440946399e+01
1.137647086671795762e+02
1.125574904390709207e+03
1.509463564069365020e+02
5.325009411515266038e+02
9.498136892713654333e+01
1.674033205418060959e+02
3.753492726571670914e+02
7.862190304663323559e+01
1.874451365068308633e+02
2.707595741023620803e+02
1.544066938258545463e+02
1.694829096534790551e+02
3.323744683137943525e+02
8.619018548626878555e+02
1.085826400722284717e+02
3.394277706240276302e+02
2.873823626553491408e+02
1.823236092716700227e+02
1.021493572146492852e+02
1.383876135837698257e+03
2.301617512174388196e+02
7.898138922122840313e+02
4.429430028701647188e+02
2.922398468562516882e+02
4.276199707003378876e+02
5.790834054184909974e+02
4.543018052868877135e+02
8.065526896525436484e+01
2.030289746668800035e+02
1.203689272527947907e+02
9.748858530613586026e+01
6.484990535630410591e+01
5.293817387308249778e+01
8.182099818551644432e+01
2.461083196931598138e+02
1.983150704470315873e+02
2.577156984716022521e+02
1.279839514029249301e+02
2.993699219010439379e+02
3.248704222686488379e+02
9.148515257153062521e+02
3.769705726770607725e+02
2.139887936471281762e+02
2.617535702779319422e+02
7.310314088072372840e+01
5.206455736767079543e+02
6.795928978961586608e+01
1.983204346931332225e+02
1.943570271814387809e+02
3.805592475451337577e+02
1.607952057624450504e+02
5.066831211501332888e+01
3.350569308387701426e+02
2.877459891262201381e+02
5.277979993296568750e+01
4.491703324542131668e+02
7.868970546659565457e+01
2.672595591968075155e+02
3.094782904278662272e+02
1.883987550688085548e+02
1.764554858134987967e+02
5.209334376824796209e+02
6.796015429253995421e+01
1.092872333727301111e+03
9.194183102548669240e+01
1.811800374845081762e+02
6.129454077761311055e+02
1.464895499342732137e+02
3.441997380160102580e+02
2.658530623453254975e+02
6.277254044060889555e+02
7.393268025054288728e+01
2.487778772885180842e+02
1.023036797848671853e+02
3.445947310618707320e+02
1.342191431203750653e+02
3.463557951697569024e+02
2.470655302386527126e+02
1.038168990293153655e+02
4.645354636883445210e+02
1.885888480211133356e+02
4.852570449109842343e+01
2.170589849913474154e+02
1.956665630972492238e+02
5.944507601921443438e+02
2.196029997282400359e+02
1.491154978784017260e+02
6.553319168394720009e+02
1.190001097129841554e+02
2.044301293841336644e+02
6.223471086721449410e+02
1.065988133982240242e+03
1.497550153509234860e+02
2.048989780918986128e+02
1.643888108663132641e+02
1.815099374158529315e+02
2.402504442203064627e+02
1.405699687237581657e+02
1.398352920608292038e+02
3.788153426928130898e+02
3.178258683276847592e+02
1.072868875015700780e+02
2.490836467911906880e+02
1.424109311857822604e+02
2.552840901438447645e+02
4.089728613767642855e+02
2.717978316541382924e+02
1.101694207769395035e+02
8.956653685033445811e+01
1.046354117035701279e+02
1.216816523920995905e+03
1.295200984943486731e+02
3.900488861933006888e+02
1.623956267118337280e+02
1.770486579538139722e+02
1.545054772756921864e+02
1.413167615935092840e+02
7.472003890302936213e+01
1.293206289612559772e+02
6.132722598063376154e+02
2.124944415433343465e+02
4.024584862739377513e+02
1.321491384958322044e+02
4.506767940441194042e+01
2.925848145210015332e+02
2.188704779706822592e+02
1.466955122637934323e+02
2.017015063494344247e+02
1.654533298028495949e+02
9.309937264015860592e+01
3.394784587747394085e+02
3.485561093223662397e+02
2.886082977413078083e+02
2.344318810669215054e+02
2.434105085792162413e+02
1.133820811422934867e+03
1.297191995082370681e+02
5.713949993817587938e+02
6.385366544575226300e+01
1.525109797991179050e+02
3.298334995593905319e+02
1.199828084563893071e+02
3.066650142532882910e+02
5.680418767558487048e+01
8.009060350982539944e+01
3.604091527488728843e+02
3.603652976248437767e+02
9.482847665252761260e+01
4.795092845482964776e+02
2.325069740381202053e+02
2.236982401298539287e+02
8.156423433651282267e+02
6.719717313245105572e+01
2.823448602165674401e+02
1.884371635963135532e+02
1.048475250160861833e+03
7.074211303445875956e+02
1.288165884507449732e+02
2.809666271529560504e+02
2.778730899396073823e+02
1.748543404006154276e+02
1.986834921397141898e+02
1.170424272166072939e+02
2.471730109059247695e+02
1.541673696625066157e+02
4.021353073162451892e+02
2.060161655408506931e+02
2.449957216366675539e+02
1.829247875732358750e+02
2.636686395824230544e+02
1.192941449959378559e+02
9.501786121074707125e+01
5.622807902699000948e+01
1.802737489827742650e+02
2.193141563822074147e+02
2.515068060438373436e+02
3.648266584538523603e+02
1.710409460790889682e+02
2.375019861902538594e+02
1.477179373799882285e+02
3.703854071708813080e+02
9.565966561978858351e+01
6.983974387890036439e+01
1.184848138106095661e+02
2.296476898690858377e+02
3.782638996509937783e+02
2.707406476247118121e+02
2.756596629193658714e+02
2.772103443231140432e+02
2.051715534405139749e+02
3.143106297640333651e+02
1.797006630870092749e+02
1.235432171220621029e+02
2.041323857994296702e+02
9.262372980672033691e+02
1.791139156165908446e+02
2.202821934974193141e+02
1.070454689147012601e+02
2.079419044389359215e+02
5.462811524331771125e+02
6.012367190775403714e+01
1.734758107105074316e+02
5.572281728929171152e+01
1.358880291676497905e+02
9.868763106300782795e+01
1.980549252835523930e+02
3.902108668059713636e+02
1.895302928477668445e+02
2.801927259036259557e+02
1.140878952691215318e+02
4.734782838248612507e+02
9.017631549171281335e+01
3.623320991760270431e+02
5.261403431741355234e+02
7.304795055635207746e+01
2.023875319228572209e+02
3.342614082791370720e+02
1.774399811719499667e+02
3.288742126472592986e+02
2.365197454071520156e+02
6.367808147695857457e+01
6.633694307497935938e+01
1.446546376423123377e+02
2.037941527604545797e+02
1.230443122018509001e+02
1.198471932856202073e+02
7.334765271299130518e+01
5.846052182876746883e+02
1.599921423085918661e+02
1.315490628157016602e+02
5.690296123935124797e+02
7.541011929273068972e+02
2.120415902132425856e+02
2.695560058978169309e+02
2.753602451613683115e+02
9.607786725327360955e+01
8.387657792328211599e+02
4.266065251784895196e+01
1.161365043118472187e+02
1.313926087848886937e+02
2.696590271173435553e+02
1.307598633233270391e+02
2.125843738303173609e+02
4.400339984855559692e+02
1.119791950979612807e+02
1.484873007388316637e+02
2.384430407078048120e+02
9.520771622297721137e+01
2.432178585134385571e+02
1.845788514921549677e+02
7.914835064214170757e+01
5.116218242817519126e+02
3.270319342531239499e+02
3.000200883195108759e+02
4.247385520799923597e+02
9.706139790333125461e+01
8.689539346006490632e+02
8.316359235803032846e+01
6.781660105820232332e+01
2.217212927909745304e+02
5.113699433025045096e+02
2.088209203453058933e+02
1.444264882316269336e+02
1.836965762391247949e+02
3.415584622631459979e+02
9.970964798603488077e+01
4.562414094273591445e+02
2.208433184527436595e+02
1.487560455441670229e+02
1.207461157892356027e+02
2.569219717112068793e+02
5.449198854952158655e+01
6.102928117309416933e+01
6.087732219461081229e+01
1.378080290955065266e+02
1.003112881510389087e+02
7.876242680489917802e+01
1.859676139696451003e+02
2.746027194915446898e+02
1.517114763067924059e+02
8.536794532762735344e+02
7.591396394568836570e+01
4.164353911955434455e+02
1.911758736690215414e+02
1.656526569900874222e+02
6.654287644429980730e+01
2.420779036472570169e+02
2.350270563745324353e+02
6.385001056039428846e+01
2.037173179211735032e+02
4.758294837682560114e+02
1.738519417648628291e+02
1.819853480970463977e+02
2.315560534745522432e+02
1.249374700165281382e+02
3.952070790131936064e+02
1.758356384284178944e+02
9.429860899986940126e+01
5.130657835386669774e+01
9.646638082387303825e+01
1.785290309865571885e+02
7.945682491504607015e+01
1.926806793567018588e+02
3.871674815009624808e+02
7.993842330881430769e+01
1.227378930981778069e+02
3.858195093129525617e+02
1.270782182743146507e+02
3.094987869252767609e+02
2.639640348839333797e+02
3.935488537649455338e+02
1.016908244275089999e+02
9.474151406085462668e+01
5.619388843639842435e+02
2.052169179572342443e+02
3.668722405114867229e+02
9.100524505568769484e+01
3.216659670589306188e+02
2.289840852307197281e+02
2.983117441784823427e+02
1.711354502095213945e+02
2.236204499928336986e+02
1.664968973311493983e+02
1.971872250529671362e+02
2.180369388357729576e+02
4.775663577124821586e+02
2.740135752623380654e+02
2.318891263487533934e+02
5.415587317307148396e+02
3.998303979636137910e+02
1.204238572516558321e+02
1.873433232993002662e+02
1.747902865201522218e+02
4.679437387032526772e+02
1.655833919324183796e+02
1.692838781139228956e+02
1.186873937488884962e+02
9.359050448626501861e+01
2.178357364111923857e+02
4.447259487728541671e+02
3.241068975714489397e+02
2.599724539024077217e+02
2.134603662258697057e+02
3.429354215762649574e+02
1.116553176939340119e+03
5.861582853937719619e+02
2.023883716054293700e+02
5.089733786296754943e+02
1.637879148785631855e+02
1.342641863420039385e+02
9.425536995700410614e+01
1.440904776143540289e+02
1.626101979375097812e+02
7.221496640139783096e+01
4.486611403351998888e+02
5.268436049411654665e+01
6.881152347057275165e+02
1.178022957672421143e+02
6.447551795124675778e+01
4.492390833554749747e+02
9.744816816913146340e+01
2.775355119752922519e+02
4.555353974527905621e+02
1.282987098455256216e+02
1.156813657967613835e+02
1.217546640235777318e+02
2.262864520479653834e+02
8.028297089585899471e+01
1.155064070143538174e+03
6.684788755128458604e+01
1.254125140606410866e+02
1.928376664399181664e+02
6.515758577310332100e+01
2.065406151855177086e+02
1.354325450336419010e+02
5.072676003612159548e+02
2.517564038406410702e+02
1.557416036716389272e+02
2.405035833118654693e+02
4.740371095969040738e+01
1.574453178965333393e+02
1.923489037276465012e+02
4.786196058465479268e+02
1.720580075030708826e+02
2.394335557554936145e+02
2.260373447236128754e+02
1.410925241611819274e+02
7.849695105898084648e+02
2.534845831207630624e+02
5.041870267458235588e+01
2.800292467272570889e+02
2.491259593936038073e+02
1.511610938277855496e+02
5.810272810269745491e+01
5.509581149536845146e+01
7.786752873268314943e+02
1.028937542425957048e+02
4.233794567295323930e+01
2.287599101348017996e+02
2.464303855258939109e+02
1.824059876981410184e+02
7.608140549586125871e+02
2.179977007364942097e+02
3.560094815677253450e+02
7.644021416363198114e+02
1.164992960640017372e+03
2.093507971981340745e+02
5.446207708287696647e+01
1.893242129318964260e+02
9.047777251061640413e+01
1.136179999387071859e+02
4.895248314299999493e+02
2.644047196793847547e+02
2.254131800432082855e+02
2.541913520080097442e+02
6.318168786696799089e+02
1.176807307646603391e+02
1.068102014460388602e+02
2.535676576827451072e+02
5.411034401685419652e+02
1.192342351025796461e+03
1.694827242956053226e+02
1.597379887481922083e+02
8.603699467791524569e+01
6.975712498036190823e+01
5.836311467039973877e+02
2.781167060678745884e+02
3.724363231691018541e+02
4.704500214139051195e+02
3.214750758660698580e+02
4.014418769227436883e+02
5.129413734603754449e+01
2.966259184994245288e+02
2.543892703168328921e+02
1.479677649682394360e+02
2.049651481158425668e+02
1.734630901939847831e+02
4.633643367880195996e+01
3.875266779800896870e+02
5.905956230762733128e+01
4.113461007048542228e+02
1.672319739804865435e+02
8.905509812508297784e+01
1.113910543274849090e+02
2.724769106129310785e+02
3.105541724585708039e+02
5.605228884366506747e+01
5.211771761212120282e+02
1.444962298368679683e+02
7.722436272943582480e+01
2.408560945752658711e+02
1.035305189959092758e+02
3.943516524341587797e+02
1.306422167643724208e+02
1.236667751950999730e+02
4.157196116698906394e+02
1.200842856043729512e+02
1.564309344091610114e+02
1.479382847212413310e+02
4.216103568276441820e+02
3.327860730184793852e+02
2.535177088560419918e+02
3.118329951379670888e+02
7.704675519869364564e+01
3.644721848358876741e+02
5.946195350276629910e+01
3.879571200900454073e+02
4.400252706307916810e+02
8.654503575686210581e+01
3.036945353882481982e+02
1.817532167881510077e+02
1.350641792414888016e+02
2.917867902556213835e+02
3.711121247681915065e+02
8.710431556707706591e+01
1.109642013890607899e+02
3.651771097311553831e+02
6.267060709199265034e+01
3.040200662937006655e+02
2.689640569951293969e+02
4.152890917339639714e+02
7.033771193127256538e+02
2.831143018303736767e+02
1.708074670072546439e+02
2.754939965311647256e+02
4.497235729065766350e+02
3.760876754411835918e+02
8.507569527979763961e+02
3.569147840938553031e+02
3.645005543631814362e+02
1.830725456184489985e+02
3.849062278831242452e+02
1.478869169579691345e+02
1.196359825821400591e+03
3.727997498663950182e+02
1.487196813646949920e+02
5.033055952470297711e+01
5.184540537265335161e+02
5.628261588474529731e+01
1.390834178053146957e+02
7.090123597336378225e+01
6.661931184308873810e+01
1.977416867185573324e+02
8.536707863562028820e+01
4.633067663626550825e+02
1.510096473440926559e+02
8.384665797235064133e+01
3.243166805154625081e+02
1.725396360353333307e+02
2.510357791846066675e+02
1.524705160378647122e+02
7.937596151745020734e+01
8.585639026055390843e+01
2.005574736158963844e+02
8.723680284098225002e+02
4.242341636567874161e+02
2.124706658442069909e+02
1.062345857966797666e+03
1.286798711875541699e+02
3.318389408399110039e+02
4.178798254500800908e+02
2.764355908490687739e+02
1.631761635187271793e+02
2.189005779465484522e+02
1.361150314653755800e+02
5.358764359131596393e+02
2.952046724929421657e+02
7.995038526171376247e+01
2.778575792229624994e+02
1.796894363676300941e+02
2.868961117947659432e+02
1.907339651850309394e+02
4.789085277063400667e+02
9.171942580161326930e+01
2.811868609809077384e+02
4.656816472551093966e+02
3.392955652407378579e+02
6.801576064816158862e+01
1.982821789240655619e+02
9.872568854311889197e+01
1.789309495680917621e+02
9.621072847636497727e+01
3.672654403158636001e+02
1.685628950556321115e+02
1.354218351740953779e+02
2.629400769406468612e+02
1.473820578277448305e+02
9.439236057725929641e+01
1.461901745782602688e+02
8.293846487174846516e+01
1.815707658005018459e+02
2.044178808823036206e+02
5.263140890439271971e+02
1.875618996668445391e+02
1.422508471433110628e+02
1.914795725715375738e+02
1.547977906567936657e+02
1.980676050312326595e+02
1.682814224558006515e+02
1.431110383019359062e+02
2.416253820491682234e+02
1.413461632823646141e+02
1.138203233246296833e+02
4.468559742062702185e+02
5.931374773430163572e+01
6.804108408344426380e+02
8.376196402786446527e+01
6.991880940561449620e+01
1.183484433045738058e+02
9.913812908582407317e+02
3.868989749559838742e+01
2.216362296034515396e+02
3.559764010075650731e+02
1.502330582689013738e+02
1.905261937977342939e+02
2.360510150753809739e+02
2.130048104487125613e+02
9.814736899629441780e+01
4.406112881391863425e+02
1.960748877282792648e+02
3.006151697815787429e+02
2.542513787304326911e+02
1.199654850387593541e+02
1.111119699626147508e+02
9.496413571649992491e+02
8.194385340205033117e+02
2.228690863341039403e+02
3.392779402796071508e+02
2.648832386222764512e+02
2.923138266667412495e+02
1.335970282082837457e+02
7.652217373308118340e+02
5.819025344767788965e+02
2.211429628897712405e+02
1.635298069469707229e+02
2.312028149404103772e+02
7.307036698449704204e+01
2.164694206766550622e+02
7.514282310710487991e+02
2.317115024701485311e+02
4.848665287218811955e+02
7.865646015714928581e+02
2.894736519642904113e+02
3.041663823034226652e+02
2.726782977906039491e+02
2.178190754129485640e+02
3.907470198854223327e+02
7.178296134306580711e+01
1.477641316780404281e+02
2.015921868086423103e+02
3.619090869430214070e+02
2.972715674667707617e+02
2.547096626286757441e+02
1.198051410064003619e+02
8.920464778524863902e+01
3.956232466187976229e+02
1.265136258575831079e+02
1.354868408330424074e+02
1.844619073277849282e+02
2.203574028445847546e+02
5.704746326591712346e+01
1.465987203667861536e+02
7.481056083042085447e+01
7.450511212364646951e+01
1.865068599582660909e+02
2.189342331562858988e+02
6.808583834279269809e+01
1.201539482156941148e+02
1.298519847742043680e+02
3.004386999676809751e+02
2.702076712620720400e+02
9.581792559012647814e+01
2.733652759334146936e+02
9.203836960939129597e+01
4.220909171980696328e+02
1.044142937219640572e+02
1.849346266273363142e+02
1.372068869336518162e+02
2.906259741531491727e+02
1.854368718656702413e+02
1.771456270859563631e+02
7.301981661999005269e+01
4.160524325511299253e+02
1.465166162998606865e+02
7.192591725236814000e+02
1.671534706974326809e+02
1.304728215389692423e+02
7.388765725246554439e+01
2.731547998503944541e+02
1.894027456372896552e+02
7.360826053491401808e+02
3.007035599100696004e+02
9.152673785449263733e+01
1.579163595334761396e+02
3.057847034454571826e+02
3.340285987510584391e+02
8.250596238760266488e+01
3.384397564551696860e+02
1.842394044015643146e+02
2.406785737817340021e+02
3.503726499532435810e+02
3.204525435705276664e+02
1.788930787891956129e+02
6.400606813864824574e+01
3.290695072504892664e+02
6.987049348145679062e+01
1.651606623264229086e+02
4.600812747020883080e+02
2.722986185261985952e+02
4.883890020677781081e+02
2.280331574079454242e+02
1.827542475935090351e+02
1.359226371557909943e+02
9.278430510080653448e+01
3.505793141142397644e+02
2.041920707312736738e+02
4.293716560561286997e+02
2.129958794717291539e+02
2.247991593703684714e+02
2.373583739443533318e+02
2.391983006206367861e+02
1.470985194818218247e+02
3.760729961105919728e+01
2.563464664650842906e+02
5.859583229166474894e+02
2.500785031610563465e+02
1.541609917248773058e+02
3.158651124111404442e+02
1.905606193630965777e+02
1.102077498537781821e+02
2.333683323759412644e+02
4.747085666514062723e+02
2.896006393308771294e+02
2.247197430218591023e+02
3.921056351248701617e+02
2.144023347244184663e+02
7.799167609137489876e+01
1.886131345380043740e+02
1.319416639309229993e+02
1.216696248782294276e+02
1.358590274061222090e+02
5.662677492023909736e+02
5.740695475678129469e+02
2.055744497587558328e+02
1.990080449000294891e+02
2.815345521563910438e+02
4.915969708545681556e+02
8.735979005898783498e+02
2.884317043520380253e+02
5.313037719587620700e+01
1.112703358375271847e+02
4.675505212721415660e+01
3.443887128469577306e+02
1.456308297042842526e+02
1.241607597409147417e+02
2.887409964440807357e+02
2.977688412407765099e+02
9.494004335648793358e+01
3.421277138289008803e+02
1.736668788221149384e+02
1.086802189214434833e+02
2.516210543681256979e+02
5.762569814854105488e+01
2.476624904960686706e+02
1.053807237086722068e+02
1.039451490803890152e+02
2.431603086644877578e+02
1.186661616387699780e+02
4.583397161269475362e+01
5.785417446290216503e+01
1.799464361914210428e+02
1.940783692722669969e+02
6.600745866451801476e+02
3.906058286242896429e+02
9.393481024062126039e+01
1.433631895292841989e+02
8.014866968945791825e+01
2.303063703359869123e+02
1.581354770997869537e+02
1.612767418644759232e+02
1.476701876152489774e+02
2.047452800822196366e+02
6.249349172435767485e+01
2.348819629151750519e+02
2.253589522376923071e+02
4.137708028536101210e+02
3.833737917420057215e+02
2.128800107370540502e+02
6.562318729950111162e+01
6.454829730157287031e+02
1.073019569497695471e+02
6.983008107977077543e+02
8.007419045568542515e+02
1.152692381099282784e+03
1.545054013591744138e+02
3.343285248528867442e+02
4.384884673289421926e+02
1.034665661987219778e+02
4.279654187265646783e+02
1.133093887040311358e+02
5.118587574841184278e+02
2.249826768451455337e+02
2.106706096311430656e+02
1.068918090235811889e+02
2.653643701187294823e+02
2.477922794228392434e+02
3.604531702065163472e+02
2.762983246517022167e+02
3.291787401425664257e+02
1.446257515557556417e+02
8.095209869402340530e+01
1.002929586542414654e+03
1.665075158879892001e+02
2.077407718968662778e+02
1.374657781705251978e+02
2.931644982211725505e+02
8.319382141026957243e+02
9.301704889295058365e+01
4.293527419086574923e+02
2.211343344750074493e+02
3.629631507597136988e+02
2.952567010437126669e+02
8.327758307908702307e+01
2.023609552831404130e+02
2.176929813155312274e+02
1.165514803366644117e+02
1.235757499114070299e+02
1.571206597348134437e+02
1.236119725035073884e+02
1.773114739299862208e+02
6.217447195098889097e+02
1.283106711242393771e+02
1.854952729185158660e+02
6.518005414283372829e+02
1.217093809191501208e+02
3.640086988402600241e+02
5.132231158971813301e+01
2.258787034379164709e+02
1.752301090434726234e+02
8.265481477653767115e+02
7.299823869652323083e+01
2.506638066955433999e+02
1.466033259948598584e+02
1.989701864302024319e+02
6.119040585247056470e+02
3.110648321669041252e+02
2.028846894933568024e+02
2.063238023425104757e+02
1.044526570202886830e+02
2.417601472969090537e+02
2.337932602408792206e+02
1.534418612017490204e+02
9.417338146464219051e+01
9.630601277734593850e+02
5.664405238142300050e+02
1.608248275244597210e+02
1.527305678747991635e+02
1.322101124676378561e+02
1.892311082085830662e+02
6.430541599701651023e+01
1.784667577317023301e+02
8.458435740020576077e+01
9.630875379020338301e+01
8.585252420440356218e+02
8.236229171249885894e+02
3.197565650372376354e+02
4.428209837386462482e+02
4.466034096317292210e+02
1.005292727699697025e+03
3.053437527866819323e+02
7.280945010835025641e+02
2.465363112016434286e+02
8.935727832428432293e+01
3.917944335652022119e+02
3.695128919853577827e+02
6.771471934978511342e+01
2.480815664742237061e+02
1.557881471011180565e+02
2.494474326541591154e+02
1.924039502009019884e+02
4.043963249859048119e+02
1.188377614967024840e+02
7.390565534238655800e+02
8.889089113634572925e+01
8.971870250178628226e+01
5.637241684705464877e+02
1.460044112591934322e+02
1.504001850573726813e+02
7.191766620721683978e+01
5.241601167320408194e+02
1.134077660469241948e+02
5.179100393119225600e+02
4.625302131042488440e+01
2.335518209793993947e+02
1.453415374146635202e+02
6.818210650582979326e+01
2.724775564811491790e+02
3.444905753827815715e+02
1.664743904848671434e+02
6.024491206937060639e+01
1.135509799343589066e+02
5.284104720812630376e+02
1.205092875654635378e+02
1.622546446194599241e+02
2.129001754870849368e+02
1.313058872725228241e+02
2.784715056596396607e+02
5.383926271298505526e+02
1.914023216946388288e+02
1.697930034586466661e+02
1.169612146716881114e+02
1.260641743232228009e+02
1.587618421003845697e+02
7.803803273064788470e+01
2.163074850970962757e+02
1.828245450669738830e+02
1.573361402627412531e+02
2.756292327089890932e+02
1.373839936044231536e+02
1.206549355205802954e+02
1.408038017661842218e+02
6.822649687882093872e+01
2.124753760873217630e+02
1.992114304407587895e+02
2.452518380192696839e+02
4.184211725391364212e+02
1.928034460767148062e+02
1.939706504927394235e+02
4.194133680337351961e+02
2.106035746636770511e+02
3.893457354047795889e+02
2.309778972752177992e+02
7.898677955522928187e+02
1.379000696505649159e+02
2.879950856623713094e+02
5.667976757673249040e+02
2.397877333936466187e+02
1.284168222760505387e+02
2.753790236541128706e+02
1.602290245453322370e+02
7.818394471430389103e+01
1.033517768077595349e+02
1.166243153784674405e+03
1.328700551403423731e+02
1.616583889300675594e+02
1.596382538565059406e+02
5.846500175097031615e+01
6.493227543927885108e+02
1.117821948095325411e+02
1.520955102071612259e+02
1.968168978969460738e+02
2.027260106410529659e+02
3.686637930153638081e+02
4.373752487780291176e+02
1.017161641883299836e+02
8.245080973592808959e+01
8.302212447708882337e+01
1.041688688815729904e+02
8.016789028950543639e+01
3.253948808939029504e+02
7.431936304844920187e+02
8.146680136789766493e+02
2.828497250159848022e+02
1.661666504535612319e+02
3.598118179684302049e+02
5.314506595379816645e+02
3.748168101940763108e+02
3.892034695412720566e+02
1.006621941273947272e+02
2.287362177764395881e+02
4.303481543418056958e+02
2.209543007585778298e+02
1.676751406974909173e+02
4.296500224388441893e+02
2.970115702445993975e+02
1.733118096541885507e+02
1.545691634126826273e+02
1.559382654933815786e+02
3.485397039549468445e+02
1.380835067406818837e+02
6.125015669717497957e+01
2.125315641262348834e+02
6.556537735805780187e+01
1.220434590095495935e+02
1.004851686909626522e+02
3.195141609585310789e+02
1.695155049034632384e+02
7.666387421420191117e+01
2.623846303508498181e+02
2.047964187566327041e+02
1.485354458246091269e+02
2.932653280746250744e+02
2.405369842611380875e+02
1.711120219349640195e+02
4.180699574521300406e+02
2.545364044233104437e+02
1.448321508426534763e+02
3.907035597929894379e+02
1.836609268137423783e+02
3.631840182139770263e+02
1.940692226303850987e+02
1.528318657891923920e+02
3.666460654544356998e+02
2.513388216649481137e+02
1.666003203126519452e+02
1.068503774233849697e+02
7.635253532551691080e+01
9.275271655201927388e+02
4.045162816239732138e+02
5.976126922832809214e+02
1.189626938639641480e+02
1.515498707497418707e+02
6.134146575929601113e+02
1.796410161184150240e+02
2.421747515360146679e+02
1.031881154392646351e+02
9.783230310714615996e+01
8.894834419600302908e+02
3.603929343780507679e+02
1.625464818009484134e+02
2.774259335840148424e+02
2.751904434288240395e+02
1.304289196864779115e+02
7.300473083233730165e+01
1.523876028850792181e+02
7.475730794366490954e+02
1.916693360473182679e+02
3.410179968827761172e+02
2.255981327838103709e+02
2.112182130982091053e+02
6.006465283947267153e+02
7.875596667335008760e+01
1.409995311600772823e+02
3.237250172144101725e+02
4.629387576669893178e+02
1.808622010492029233e+02
5.027460027294757197e+02
1.047997814517242432e+02
6.869637336160020595e+02
2.760672382602597850e+02
5.397104863335448499e+02
2.888835379724482664e+02
1.341543439981344648e+02
2.258085895019781333e+02
4.331972852413982764e+02
4.088375505741971665e+02
7.086842933241162257e+01
1.743844287786169787e+02
3.917960852106095331e+02
1.692456683027437521e+02
1.888633992776383366e+02
6.760753303063374915e+02
2.152136040597208080e+02
5.196832435401059769e+01
8.449989846476499906e+02
9.086891202025181258e+01
4.134779270813641574e+02
1.244239213975367647e+03
7.738308556306948560e+01
2.553035805913338265e+02
4.259536028599620181e+02
2.019425983291027364e+02
3.092985558055202091e+02
1.598679342706966224e+02
1.579590824890068177e+02
1.645379289191638179e+02
1.780553901165582147e+02
9.234679387372236192e+01
1.443315036437748802e+02
9.787811271491807474e+01
1.338152787872711542e+02
3.570551793023723235e+02
2.036613402909838157e+02
2.522310199880460289e+02
1.032139625677198410e+03
4.120740641437216141e+02
1.090387741316779540e+02
5.472265045782184245e+01
3.097442490765394609e+02
1.537909187378906495e+02
1.223310252619754976e+02
1.466244743821289660e+02
6.782444434076331845e+02
6.668661845396310355e+02
9.086328921612996510e+02
2.023269749380758640e+02
8.074068656724529092e+01
4.567017017834504031e+02
1.433035366154744281e+02
6.624661864518350285e+02
1.844315791962798983e+02
6.971282486214296341e+02
2.485541693070717884e+02
6.894239029779558336e+01
4.691392830301350045e+02
1.717241677020479926e+02
3.600490632127635138e+01
1.102997337630200434e+02
2.086033129234066621e+02
2.305033826431570958e+02
3.069702654347763655e+02
1.659950503012572653e+02
3.582885922711712396e+02
1.946345206483169648e+02
8.665757443999201826e+01
8.109931524194898600e+01
5.264652153965815842e+02
7.436027697588967555e+01
1.667857172904524816e+02
3.550533909228427092e+02
5.234604011402667538e+02
8.931467441594739398e+01
9.181983266428811419e+01
8.590590038383075466e+01
2.967541732319941161e+02
3.186178758942920695e+02
3.169255037281748173e+02
1.211125981710319053e+02
4.151955084558257454e+02
1.110440446496511697e+02
2.456032845711384027e+02
1.417473869308462895e+02
9.385753308013178753e+01
2.534343182863224513e+02
9.170120383735026337e+01
3.380599687748256201e+02
2.080348577958448857e+02
4.346874902490533543e+01
1.050093503766862710e+02
2.610379713790674145e+02
2.325540809565164295e+02
1.266690453575056665e+02
4.624313537623453954e+02
8.682279099326832750e+01
9.169994746630204645e+02
8.918091398077010012e+01
3.879188539043690866e+02
1.581816758474932669e+02
1.177161055477019715e+02
2.891543289487162838e+02
2.135364981305386038e+02
3.210640784914108394e+02
2.371091800505381002e+02
7.241277381494906251e+01
9.670763133192184569e+01
9.439357782073064129e+01
4.547688744297157655e+02
2.058179887320969215e+02
7.131678284406277157e+01
1.497001911039850484e+02
1.530122199492238906e+02
1.149572045401281031e+02
2.302264025620350765e+02
3.062766314453277232e+02
1.162815798308571544e+02
7.178007420787157855e+01
7.253421331722418017e+02
1.083060145900775524e+03
1.014895649398810775e+02
2.403857150647606602e+02
1.510320889308083281e+02
1.374352620371454634e+02
1.975831008163302442e+02
4.948026738359698697e+02
1.622319004311296169e+02
4.473178241754315536e+02
1.532625833638949189e+02
3.911488940654991779e+02
2.785868103502760960e+02
6.395873370827830513e+02
1.114884461754647731e+02
1.608624199830099712e+02
1.277517462178034719e+02
8.678514453607878920e+01
8.081105963533305214e+01
4.971284258255849409e+02
7.779047009035943461e+01
7.798886774589836079e+01
1.136617966022730286e+02
1.182385539375019903e+02
3.907229016385377918e+02
3.590014957488132836e+02
9.339661830170404073e+02
2.868069532577370069e+02
5.251941301908410651e+02
1.744588183768920544e+02
1.424704852529900734e+02
2.814452223157636013e+02
4.719604559340127139e+02
2.276133534326134793e+02
8.779099545351627967e+02
1.629618143550705440e+02
5.660768906756733543e+01
6.755624650807436637e+01
5.866442340452724835e+01
4.357578398665502846e+02
2.680154586644181904e+02
2.179169840064332391e+02
3.395615878718773502e+02
6.896080104092328611e+01
1.044607482630425181e+02
1.877902683962562094e+02
2.499779265480671029e+02
1.257392330247273691e+02
1.082118371266098933e+02
7.601936905911015856e+02
2.677480747829687289e+02
3.196773922168320610e+02
2.197443728702872647e+02
1.150969243243256130e+02
2.522116216599758616e+02
3.375013736684308014e+02
1.444462917475056827e+02
3.925653671424450977e+02
1.285185869920577488e+02
2.003515742495972347e+02
1.034273763643676602e+02
1.417095304055712290e+02
4.936307819977735676e+02
2.101232156467005154e+02
8.657642271159501206e+02
2.471749050742157578e+02
3.106041006217715221e+02
1.448304266685948960e+02
1.182307504638681479e+02
1.231066360437035314e+02
2.218315400485625162e+02
4.112592391119663375e+02
8.670019471711567860e+01
1.387608779798456737e+02
2.297579617840053743e+02
7.852303956389650352e+01
9.198358467957807250e+01
2.929247200208669142e+02
1.264754675961684995e+02
5.890520923638897557e+02
1.039727351885139086e+02
2.872122510136380811e+02
1.599910773144239897e+02
5.179518358544926286e+02
2.522243980701736632e+02
3.480630381344416264e+02
1.442125734607087395e+02
4.955764196559611605e+02
1.610889342530658155e+02
1.538404953437085396e+02
2.739735236924069000e+02
1.413850461865193040e+02
3.148274887849337915e+02
5.260461500545527258e+01
3.473920075499866016e+02
1.608631435711469635e+02
1.000161560777754204e+02
2.213631493902608725e+02
2.959303842863216119e+02
2.900631530805313787e+02
9.930201234725100790e+01
2.626053362277523320e+02
2.261366654317281188e+02
1.131374657789183260e+02
1.172969708853801905e+02
4.417064225640949644e+02
3.428024819549817721e+02
2.773260677858065151e+02
1.149793092294856223e+02
7.433150817599589288e+01
8.474816768916400633e+01
1.165664672902287862e+02
7.379976617421192486e+02
7.157777262328184520e+01
1.167714779238940395e+02
7.791714076081532880e+01
7.398457909453826176e+01
1.325989343053228424e+02
3.092645928989747404e+02
1.449913476489613799e+02
1.043424638559792470e+02
6.805388777719602444e+01
3.538582539206084334e+02
2.561583344131045124e+02
3.107626308053551725e+02
1.162795007822984701e+02
1.430490109110055243e+02
5.245129028038348906e+02
1.098419458636071226e+02
6.476424164330568374e+02
5.233981061603032003e+02
4.462818336156732926e+02
2.799860770422340579e+02
2.619177944811314092e+02
7.260311467073897518e+01
1.812569100338069745e+02
3.273486158605726928e+02
1.177842785681949920e+02
5.685358521241738572e+02
5.643099761446293314e+02
7.519190913999969439e+01
9.378865432457862994e+01
2.198891555973438017e+02
2.540192963474165140e+02
2.829006152826950711e+02
2.478448358013515360e+02
7.821959060472180170e+01
7.967636220512855516e+02
1.327952721530606937e+02
4.124960962352589604e+02
7.854436626513465569e+01
2.325312959712223346e+02
3.169615206232537048e+02
1.208683943711939577e+02
1.296888055132830004e+02
2.516700400031265872e+02
4.810857977563476879e+02
1.169543213266008934e+03
6.157943760780379705e+01
1.504643822158667774e+02
5.485160202126255768e+01
3.422239143134015649e+02
2.065361618837712001e+02
4.415839808614631465e+02
2.479588956696030948e+02
2.440360700651400805e+02
1.464435825218012894e+02
4.038574193058978494e+02
6.281980802476278996e+02
4.398778673183085743e+02
2.959006407850041001e+02
1.490065500322435810e+02
2.683377389717728079e+02
8.873799046530146484e+01
8.517599167086798673e+01
1.138624891689391916e+02
8.699893578597624355e+01
2.523185322123956382e+02
4.157177485496774949e+01
1.387698853394963123e+02
2.723458305433559872e+02
4.872288088095464218e+02
1.729408040469773766e+02
1.336864558099487681e+02
1.265743747704926676e+02
1.660119153167497927e+02
2.103804858097717272e+02
5.272344773498618906e+02
8.078867650451749114e+02
9.867121872919668704e+02
1.398466030433293952e+02
1.822402509051294146e+02
3.102851401256031068e+02
3.116262170077881137e+02
1.015641893105686364e+02
1.327494071587568385e+02
1.904650955063451931e+02
2.315498852275047739e+02
1.615457309774554915e+02
1.414331989721444813e+02
3.211944387576186841e+02
5.806902035451546453e+02
1.476983981149403746e+02
9.470787072410922747e+01
3.981177382458132001e+02
2.937859168158961438e+02
3.926931478547854795e+02
2.068753502791464030e+02
1.628377080629358034e+02
1.767759627468657868e+02
1.329044089258160852e+02
8.490336644568083102e+01
2.269718957680021845e+02
8.637988430349386704e+01
1.035673255603717422e+02
2.509779736071679963e+02
1.637345162009644639e+02
1.004895698739324104e+02
3.079146399041551945e+02
2.562693414368391132e+02
1.336984956547227341e+02
3.902542261981382694e+02
1.239112703267618514e+02
1.063560544737072320e+02
7.559081373034695162e+01
1.548241318200195735e+02
1.290022124901723259e+02
4.890183524217399054e+02
2.297962682278601108e+02
1.720180787564993636e+02
7.591443209533710501e+01
1.023431825895477232e+02
1.874119181084168702e+02
2.281817373396385449e+02
2.476771308562683771e+02
1.340326665743382932e+02
4.152437355063462405e+02
6.671142765157844678e+01
1.103254773971870918e+03
1.357055567143566179e+02
5.492025929838096232e+01
1.431055045511660637e+02
1.302627702915339114e+02
2.519795312398459259e+02
5.263104102652268068e+01
1.394178638638026655e+02
1.038780942766229032e+02
3.681676390048830285e+02
2.642226347783177971e+02
1.008965645354059006e+02
1.765291407289157917e+02
2.281523752887466117e+02
2.519575529448029840e+02
2.579978189273233511e+02
1.277941115361043671e+02
1.929975842335319669e+02
5.468928853046218563e+01
5.156198806669309675e+01
1.506153620743745876e+02
7.628758228833381736e+02
2.215871562686575373e+02
1.585276169610623072e+02
8.099802226072026201e+01
1.042307101486495924e+02
1.914509907488026386e+02
1.023698654589264549e+02
8.011457542568504664e+01
2.222598731799425593e+02
4.253523527715737629e+01
3.373485223720161912e+02
1.156587503081551915e+02
2.057260084303874237e+02
7.142446896894583688e+02
5.400929208484548099e+02
8.513441323667754546e+01
3.008815392985836183e+02
2.640130035847651016e+02
1.703037757666188270e+02
1.974204030474193416e+02
4.254520924596457121e+01
1.691027189247078013e+02
5.552485156720622399e+02
1.021494547066097169e+02
6.245172250297414962e+01
2.063575972035286270e+02
2.220359964573378306e+02
1.923728593340205180e+02
6.833103177176619170e+01
2.625437937689785599e+02
2.492951412740654007e+02
3.030839212976342196e+02
2.871514593678423353e+02
8.032714316943048516e+01
1.139617228817051284e+02
3.741609196182159280e+02
3.973453746066497843e+02
3.439809003238941614e+02
4.733626637525225078e+02
1.899550203370346537e+02
1.149203235866551296e+02
9.781296486896642364e+02
1.876407093748167085e+02
1.690292349213978014e+02
4.640666278182208657e+02
2.453052241743572210e+02
1.212693026597237065e+02
3.589547710228777646e+02
1.198490952183994409e+02
2.417855815692181807e+02
7.844075170534910058e+02
1.721173413180490286e+02
6.277137494949828351e+02
9.577993598789350926e+02
3.302033016589457475e+02
1.351423838926451424e+02
1.048355664913189571e+02
2.635510030677249915e+02
2.932785114156358759e+02
1.282720762111495105e+02
4.114570004053736625e+02
9.470320373968716865e+01
9.406386304020395528e+01
3.419810785606467221e+02
1.914238530245081620e+02
1.477837305711908584e+02
2.166993495622614034e+02
2.216328810688374347e+02
5.086277918091843731e+01
6.436317828402684427e+01
1.008794113247784452e+02
3.811611121481213331e+02
1.000140675673561361e+02
8.822184963529454649e+01
1.718225722542565279e+02
3.253348846271439925e+02
1.396991017642390318e+02
5.839916123207822096e+01
1.156758608454556168e+02
7.005059942931154637e+01
2.676393493903294143e+02
3.173769026269737310e+02
2.532822905683971442e+02
1.238801891915055080e+02
2.319085842118560947e+02
5.965699831095969330e+02
4.258826900862752041e+02
3.625882311666772466e+02
1.363474260526840851e+02
9.395006134823131561e+01
5.449706799725953488e+02
8.431935494658132768e+01
6.420846010457150044e+01
2.115493448189591277e+02
2.543287565893066358e+02
4.989023002349898661e+02
6.969825772092150373e+01
1.728097112937896611e+02
1.271553372450962769e+02
6.595784234899721241e+02
5.187557435358725115e+02
3.254209406423577207e+02
2.143863595833831539e+02
4.805762071124680119e+02
2.342009935842378354e+02
1.289764610043563664e+02
5.201242123246368010e+02
3.467010137996059029e+02
2.111038245405973157e+02
8.105921783030214556e+01
2.479644827130377394e+02
3.024107362162839081e+02
1.663245516557832104e+02
8.671728783989740919e+01
1.746125180801551551e+02
1.441463712165921436e+02
3.633525520562457700e+02
1.362234376416594159e+02
7.428359263982797245e+01
2.186822874587650745e+02
3.567055741183241366e+02
1.528536857525559185e+02
1.287540150674217330e+03
1.616143251553597793e+02
1.261201362753542412e+02
2.725554979034057510e+02
2.908023384631683257e+02
2.387548399581488638e+02
2.138060554559752404e+02
1.235603275901699590e+03
1.986569737885260452e+02
2.559718850345435897e+02
5.140388060364574585e+02
2.056140478127674953e+02
1.980162361377434195e+02
3.137227419824134245e+02
4.462276997987891036e+02
6.594156091885726312e+01
2.298915586310708647e+02
1.222640711119532568e+02
1.153307060148211747e+02
1.781448355446800633e+02
8.908405774547595968e+01
1.543252672726134449e+02
4.115081826907344862e+02
3.005225636513665108e+02
1.147171754646909534e+02
2.711570801281906142e+02
2.727631932535193755e+02
1.848903234018307842e+02
8.054234894482556228e+01
6.923850575693934672e+01
1.405103355962383205e+02
3.451966698505560203e+02
4.337390738870822702e+02
6.122203119051638396e+02
8.248769909019080160e+02
1.038235057998440141e+02
1.231641909703360938e+02
4.047249840995561954e+02
2.666109620122867341e+02
7.493659714807336059e+01
2.413849390766713725e+02
7.256288271660704936e+01
1.029143535633970714e+02
1.651702825249250282e+02
2.718374159264730565e+02
6.102307196583905124e+02
4.107727482474350609e+02
1.101954811917212993e+02
1.594762422684174510e+02
9.892699221684384270e+01
7.783717911430454706e+01
1.168473618848895370e+02
1.493961349957208995e+02
1.808072574969893367e+02
3.146726875871909215e+02
3.776012454346636673e+02
2.154970560962472348e+02
1.075530137623381108e+02
7.511273175090715313e+02
2.618142360564552291e+02
4.688154923515904784e+02
5.938298993201590292e+02
4.475445661082666504e+01
1.519378196635056497e+02
1.313919345396961660e+02
5.110832112045088138e+01
1.352119114465888856e+02
2.115675250747357268e+02
2.441986177905947955e+02
1.582264703405373609e+02
1.384868917141319571e+02
6.031744800815431518e+02
1.182392658784254991e+02
1.567349218452248465e+02
1.204985309206925450e+02
8.633500912619336987e+02
2.767382422891280385e+02
1.095374762319024512e+03
2.445037188515136393e+02
2.346261008566703765e+02
2.072975426950729627e+02
1.324145642550679725e+02
6.097859570149294086e+02
2.639008806299005983e+02
1.922924562574453944e+02
5.122116093581901168e+02
1.023875444706053486e+02
8.023141379441246102e+01
9.526730883092511704e+01
1.903433932179615340e+02
2.772829586028169047e+02
1.448875277661184953e+02
1.877412225390589811e+02
1.451586353026271468e+02
6.692933284446245068e+01
3.131617775675211988e+02
8.617933573409277415e+02
1.383919390357587815e+02
2.241731032756279092e+02
2.739566813106359291e+02
1.015127460917055942e+02
1.061058809708542583e+02
1.672350957381852368e+02
1.971147784678700816e+02
9.389188101418787937e+02
1.521731123549203062e+02
1.021736898055889355e+02
1.940861050151959830e+02
8.646305461410649684e+01
5.048868897729900596e+02
1.676336112527130524e+02
1.358713263327940979e+02
1.975869321781087820e+02
9.307896807152349083e+02
5.193017831707485357e+02
5.647313089028008335e+02
1.369160564235933180e+02
5.599132823206044804e+02
1.497315471388256185e+02
6.843105586018543818e+01
1.828632550933824064e+02
1.007343273035172899e+02
9.553984097904152577e+02
1.587194567754675063e+02
1.373962253565678964e+02
1.724310499934603627e+02
9.081799866834521140e+01
2.248208181014513798e+02
5.740931470251539395e+02
5.922549740953756725e+01
5.154528079072513265e+02
6.250559439330257874e+02
1.737439844656860544e+02
7.944765014716782048e+01
2.361773444431372013e+02
1.382692908666978155e+02
1.785040063192905109e+02
7.740193350084033455e+02
1.470617714983831945e+02
5.508517827287724344e+01
6.374266888146257770e+02
2.988579748157355311e+02
1.171330087290471482e+02
1.674430839933732216e+02
3.648801097107747182e+02
1.058976793454419862e+02
1.049507280382741072e+02
1.815681007984745463e+02
1.188102383314673887e+02
8.630499538643420010e+01
1.005536219334762791e+02
1.176602927973570303e+02
1.393938337354141765e+02
7.269108237758509006e+01
1.697402950945097473e+02
1.394700845959116009e+02
9.475091563763041336e+01
1.259716064327629113e+02
3.515412530706562961e+02
3.606986653327429053e+02
2.746039527833712555e+02
1.578409319734794281e+02
4.496552873081099477e+01
8.872392564129062009e+01
1.175268541369789119e+02
4.175758688399788525e+02
3.775848372132069812e+02
2.396357791808569289e+02
1.344872397859783177e+02
1.707511264297355922e+02
7.153955611063898345e+01
1.253340922686088277e+02
6.525351549808708569e+02
2.432605715030746012e+02
1.877381114586527531e+02
2.741198209867419564e+02
2.807657824937480768e+02
1.039670218999901437e+02
1.357672798488419517e+02
1.769058918186327958e+02
3.444443690431101572e+02
1.175365017111602128e+02
2.556951612852128903e+02
3.603581540367223397e+02
1.524691597999071462e+02
3.101644956161330811e+02
2.026086221622372534e+02
4.227963987439409834e+02
9.723967163594443264e+01
2.081393341650653497e+02
2.102461349843482878e+02
1.301542863603558828e+02
2.113172245044903832e+02
3.095847785137804067e+02
2.823740741910677343e+02
7.170110060090751176e+02
8.657734767152356881e+01
2.198835624402497331e+02
1.024498032997217791e+02
1.584708615215111820e+02
2.875759543973736641e+02
2.000253117831877887e+02
7.812852700901134995e+01
1.572211868600546438e+02
4.570161669026669529e+02
5.414169168119850895e+01
1.979112958513294700e+02
3.611183180244609048e+02
4.191288591054143922e+02
3.774983669481471793e+02
9.084254127762071107e+01
1.306007040301308564e+02
1.193044611847051186e+02
4.446858714106836601e+02
2.352510990098142543e+02
1.878912095614505802e+02
8.220914110162295856e+02
2.158986354875989093e+02
1.220140341845415151e+02
1.499767518591161206e+02
1.334272400015300093e+02
2.413537617738749645e+02
3.526011330804381032e+02
1.894974853923231137e+02
6.565329312123333239e+02
6.771269990845661368e+01
1.634959783406140161e+02
8.082464332734159029e+01
3.758597553405854228e+02
6.434216027972587426e+02
2.798115178935838117e+02
8.640867301738772710e+01
9.957041233575559147e+01
3.904893956701171192e+02
4.528586871521732746e+02
4.557197153345623519e+01
6.869323320411788245e+02
1.765900392714059706e+02
3.334284280340000919e+02
2.644572762074076877e+02
4.998994004816692609e+02
2.737098657789308049e+02
3.520144957146286515e+02
9.777564497743216521e+01
7.968975016697557123e+01
1.320212351574819820e+02
4.033392593372827832e+02
1.778343095041913671e+02
5.412464082721714931e+02
1.888474275363898016e+02
3.086076456535293460e+02
1.637825001903538862e+02
2.488426062057413333e+02
1.463820003746287739e+02
8.121276795026115281e+01
1.152122196069832967e+02
2.701202991308943524e+02
1.176608560856874561e+02
1.004380639610246533e+02
2.211012336781835188e+02
1.684754428914048390e+02
1.292203309417979540e+02
2.360528030315222736e+02
1.211165233307356885e+02
3.407260466274688611e+02
2.112055989093337587e+02
4.724832067593919760e+01
5.157867484257973274e+02
1.076282694303570224e+03
5.391900339201962424e+02
1.131525835200208263e+02
6.845107083743694147e+02
2.345716533034623694e+02
1.254750415953697740e+02
2.149567801411418202e+02
5.750407662106655380e+02
1.581838684966529343e+02
1.929661100783718553e+02
1.070067023180949235e+02
3.051405498937672292e+02
3.808238883544229907e+02
8.558906714755698886e+02
1.494949915262966442e+02
5.360162757905857234e+02
1.427374481871398473e+02
1.840320476000789540e+02
2.769768518212778758e+02
1.609184359491555369e+02
1.485787802892309344e+02
1.872558073931164984e+02
5.662969372135073627e+02
2.128525949919337279e+02
1.817104964238419882e+02
1.566222662308915403e+02
1.410231233804482827e+02
1.949922541278135100e+02
2.238597904532684595e+02
2.396574767188490398e+02
2.889463825044651344e+02
1.700759351848971903e+02
7.214300775633458329e+01
1.343240629024792838e+02
3.580575914335926768e+02
2.564199710720077974e+02
1.960989759765209897e+02
7.814808672661746414e+01
2.005895162951074155e+02
5.511780006090881301e+01
1.025980285213648955e+02
5.065619103179535898e+01
1.269698402993508637e+02
2.150356418036052730e+02
3.954974990616085506e+02
2.926363911625588798e+02
3.200856267241394448e+02
5.691997211621852557e+02
1.241236052856728378e+02
5.679695269238139872e+02
1.438876685964614524e+02
2.019312446626062751e+02
7.005111266776095817e+02
7.387827530296704026e+02
2.002553836488447985e+02
7.351036637272270582e+02
1.463479974796025260e+02
2.951350603170285467e+02
6.059501705424284523e+01
1.463250070056629113e+02
7.889754633688062313e+01
2.393204712616602876e+02
6.218783349837806185e+01
1.496967561301229921e+02
7.479076433534864066e+01
2.199233808234231731e+02
1.871303704592408792e+02
1.740139321692765861e+02
2.411253616769024859e+02
1.429995622291345114e+02
3.281663806122331835e+02
1.093169055609092055e+02
7.949197962726071864e+01
2.254582532521014286e+02
6.065715644772793667e+02
1.782714939074579661e+02
1.463086338685414773e+02
2.521706965676133052e+02
9.913771159155255930e+01
3.380171043783658433e+02
4.060547423871869910e+02
2.744168219795490131e+02
1.655512741582594742e+02
1.625399548162375822e+02
2.823409575164499188e+02
7.533712013191689039e+01
1.115509093307485955e+02
1.836660941261936841e+02
1.686563117620773937e+02
5.101617564786317160e+01
4.164222527205870961e+02
1.209886753927941925e+02
2.857488214417254540e+02
6.162219964260850702e+02
8.006808795778295007e+02
1.622399024383384756e+02
2.078732763645375599e+02
4.375678196057522769e+02
2.657839283991453954e+02
9.391128261971645941e+01
2.236238971253143859e+02
1.513863517204694915e+02
1.752953433443022391e+02
2.037625160540723357e+02
6.552116588667377073e+01
1.593233519503084779e+02
2.389848873600635386e+02
3.387586418711612737e+02
1.191256024921644894e+02
2.636265030487717809e+02
1.159655889999418719e+02
7.350011410701063141e+02
1.572405977932135670e+02
3.401812945546424203e+02
1.455914605214819630e+02
1.266244812323779598e+02
1.473367460045785720e+02
2.997444368015178497e+02
2.191709639187864411e+02
4.179674114776101987e+02
5.557407437844875631e+02
1.019909303990475991e+02
1.207313007946329151e+02
8.053838107901573267e+02
8.830121049495339491e+01
3.045191728526802422e+02
3.938624459280646306e+02
7.805442396904307998e+02
4.408563642279685268e+01
2.057778604945596612e+02
3.870203480188691856e+02
1.726685184072411232e+02
1.782273355776610231e+02
2.253133935363527769e+02
2.095138329858586417e+02
9.395438616121093389e+01
2.606137167169620739e+02
9.482139501683479921e+01
2.161935169523285651e+02
3.896221245889532838e+02
2.073377480138384783e+02
1.500802249149665784e+02
3.574567185400137532e+02
5.933040676992267208e+02
9.954389721491891407e+01
9.191875401586095506e+01
1.050725578066826955e+02
6.770747222990134162e+01
5.460651097748678922e+02
1.631334151609655407e+02
1.782666743366714854e+02
3.052890898376502946e+02
1.396873223956452250e+02
4.025590451105711054e+02
9.130257701276485705e+02
1.445854358007146629e+02
1.100994609974819468e+03
2.716116653623166712e+02
2.169744214732608896e+02
1.424742210313590078e+02
7.528248678593945442e+01
2.217029171723418415e+02
1.571208780563071912e+02
3.591857709880375751e+02
1.194225886396562117e+02
8.306659857568895688e+01
1.647314127895454874e+02
2.867382522962166718e+02
2.867530988971772103e+02
1.051608097813018929e+02
1.014461574486095685e+02
4.189087091193269998e+02
2.854426291659347612e+02
6.794486539592222130e+01
4.129955358221211270e+01
4.806774088098907782e+02
1.717869316473859271e+02
5.740009457093315604e+01
2.689290907745613026e+02
1.723552836445336141e+02
6.325840132167830632e+01
4.355445221734910888e+02
3.299146856863704897e+02
3.436923817787811686e+02
5.157530488325734552e+01
3.773142558590494104e+02
3.300115352377104614e+02
1.628614971482528802e+02
1.259251289448565245e+02
3.688242816142349056e+02
7.386642559392988971e+01
5.373982426326305983e+01
1.394234309321885519e+02
1.329106598333767124e+02
1.375286685759676004e+02
9.102837496415678231e+01
1.740588711938905533e+02
1.025276391151440549e+02
1.511504146170154002e+02
4.699386553944258793e+01
3.363606617173123254e+02
3.634556476032195746e+02
3.967326548268392230e+02
6.894253807791197630e+01
1.456125645538948845e+02
1.902619240342494606e+02
7.945943087370559965e+01
1.746250961921513181e+02
2.972466406038680020e+02
3.201798396842378338e+02
1.678724289097436042e+02
8.444890241696650719e+02
1.317679826331259392e+02
1.006567401452615798e+02
3.914444344425008353e+02
1.594952748904175053e+02
3.070474303424928735e+02
8.458905751140004270e+01
3.805266122867776630e+02
1.866645385298724875e+02
1.392379540353849166e+02
1.487162874664881542e+02
2.211175055714522841e+02
1.065602551652834933e+02
1.164623482784609223e+02
3.919272376876892281e+02
2.101157891458820473e+02
1.736369863802328837e+02
7.332246030381029414e+02
1.722064631513356403e+02
2.499805505540574870e+02
5.623675632090729550e+02
9.234917506809345014e+02
1.147249978771317132e+02
1.974325891783778388e+02
5.336687740622821821e+02
1.367616729854015887e+02
9.014479980119619995e+01
3.245275001736071658e+02
1.078163136200563343e+02
1.174482387248723256e+02
1.710988165206216820e+02
2.072103254178518910e+02
2.511324510660414830e+02
1.324177398016624352e+02
8.393880711942863400e+02
3.896178779175820637e+02
2.060076655604683822e+02
1.317965099073005035e+02
3.691631350127124165e+02
7.681931899410506048e+01
2.923218736732258094e+02
5.632206401995312035e+02
3.155746420600174815e+02
1.028795462646213537e+02
7.111752180884803920e+01
5.274519815336460624e+02
9.096299253015229169e+01
1.957729196882468159e+02
1.991096452706184721e+02
3.058029647745509578e+02
7.765758497192719005e+02
1.130026044991547138e+02
2.913928825939843250e+02
2.634540488236722808e+02
1.701241323118642583e+02
7.803085280399392332e+01
2.031031974018212338e+02
6.164006448676209402e+02
2.665823378805458219e+02
2.727876074712800119e+02
6.809360471926849812e+01
2.909628058805337218e+02
1.477613318854764373e+02
9.871111124237384615e+01
3.587980614783893429e+02
1.536842929693348765e+02
3.214225727894315696e+02
6.343059807144464912e+02
9.880271958620291173e+01
4.686370369600368235e+02
1.744766165351045402e+02
1.708218353993142671e+02
1.170188707062443711e+02
2.763579128494346833e+02
6.756244874526038302e+01
3.196455720927272068e+02
4.436793183672630221e+02
5.551781183142361442e+02
2.857984626004717370e+02
2.585997453476292094e+02
2.477668585375153327e+02
3.373711017351775467e+02
2.538668537212693082e+02
1.592879256592672164e+02
1.161374493822351894e+02
8.990565241450171641e+01
6.259284334368247471e+01
2.172398727685680058e+02
1.948394216281520244e+02
4.138962223490394194e+02
8.818589994502858076e+01
2.007793055756417857e+02
1.812260090736563427e+02
8.172727367075056293e+01
2.795157339195357622e+02
3.013609963925867987e+02
1.246939089283011839e+02
9.210228985418751790e+01
6.002141385545714911e+02
4.765131881052791414e+02
1.838774212675410524e+02
1.390223598074382494e+02
3.098048246198179072e+02
9.717741091635909925e+02
1.807830436826781408e+02
4.124662644822813036e+02
7.515231324595283979e+01
1.217602954227537140e+02
3.706415770658539373e+02
1.716847435647551379e+02
1.007211839156971820e+02
2.106756906226704302e+02
2.090017841546101636e+02
5.180028929923340542e+01
1.516469881690164243e+02
2.191934978744188243e+02
1.254517225968571239e+02
1.525758584677777492e+02
1.276908121432431642e+02
2.129277802237961907e+02
1.285190133248711106e+02
2.241930025535759796e+02
9.367896821227287774e+01
2.260697518147637197e+02
5.573582326149264645e+02
8.105608530387510768e+01
1.016023231799073727e+02
1.381126795563808685e+02
1.715191684554581855e+02
4.140917996631901588e+01
1.266339251663764571e+02
6.270525372374780915e+01
3.623067494611949542e+02
2.240931852856827788e+02
1.316418361547251834e+02
2.140852388878493855e+02
6.524545327320589649e+01
1.490507660737818014e+02
6.514285136333396053e+01
2.006822705291098998e+02
3.500486574844832717e+02
2.550296607581200021e+02
7.461167436971713585e+01
8.746943116517707040e+01
8.579588902685088669e+01
8.866993500621964586e+02
7.502897735324044959e+01
3.405078452952251951e+02
2.255179725285744894e+02
4.010054622790447638e+02
2.086562708039890026e+02
2.205968107277454919e+02
1.294443853536789675e+02
1.730651187963080702e+02
1.034977510160658312e+03
4.572520804050188303e+02
5.642576638117279941e+01
2.382574237411528202e+02
2.612503813310187297e+02
5.900409956351452365e+02
1.109933198967098917e+02
3.529861706812160378e+02
6.268987924445045934e+01
2.105637283536207747e+02
2.962128866731027870e+02
7.011850447010252765e+02
1.972820236747070339e+02
1.376463976610633893e+02
1.307213422234749771e+02
1.338850351129385103e+02
1.269538807988301130e+02
1.637792141710489773e+02
1.055866935665777930e+02
1.669448075211402340e+02
1.268911552308771746e+02
1.533715794053308628e+02
1.536193185531080303e+02
5.622286090337198061e+01
9.706381188152462869e+01
1.493452035716055377e+02
4.403592473638928482e+02
1.146200722257257922e+02
1.015625119967431147e+03
2.348203533917550772e+02
6.382055712839338213e+01
2.089693135727108597e+02
1.813044721006710915e+02
1.228147567022382987e+02
1.367870945524808803e+02
1.478330887875041526e+02
1.639571600971104317e+02
4.190949811838515870e+02
1.122660861362541880e+02
1.294980127303273036e+02
1.966449840979957457e+02
1.112764011407045246e+03
2.550811027998938698e+02
1.887340818055064631e+02
8.306972018765382870e+01
1.229459384149476904e+02
3.473085666803200979e+02
1.281549414538226017e+02
4.680337267598210929e+02
6.091127637063838307e+01
3.878523698751113216e+02
1.390903336960979686e+03
9.199912738237185295e+01
9.080627933750173497e+01
3.418586996534660898e+02
7.738326048122179373e+02
6.550620746301544841e+02
1.168766743314484984e+02
2.697336337983109047e+02
1.292515366640498939e+02
2.480933041115277149e+02
8.329358216915479716e+02
8.709293054361106101e+01
1.244408210932902676e+02
2.402484627113909426e+02
3.015452207707389789e+02
2.214884466000546581e+02
1.304964244127341146e+02
7.930910926311625531e+01
3.632486469057874245e+01
1.582344862460625450e+02
1.387493024952976555e+02
9.719942088792618051e+01
1.446903654395484864e+02
8.457621762706384061e+01
1.651999384710565550e+02
2.311026842652531457e+02
9.081077901445392797e+01
2.347865955981698391e+02
1.294452349114304184e+02
4.636864129225841111e+02
1.620340329352533502e+02
8.557193232360135937e+01
2.918164582542812013e+02
1.868107895100261544e+02
2.749413303689930217e+02
1.826860495688663661e+02
9.930596200527870110e+01
2.065954564533425923e+02
3.426637042592257671e+02
3.954110560480313552e+02
1.741335015459435454e+02
8.207406299854440590e+01
7.798539165643586557e+01
1.797221257838517658e+02
5.199128108611755579e+02
2.056768142712037388e+02
2.053381072979028659e+02
1.346149037610016421e+02
2.296581085310995434e+02
5.053688700713377102e+02
1.086125841402523378e+02
2.359424524558225187e+02
3.691185399038380979e+02
1.991597451351273662e+02
2.926321569805892295e+02
1.964513602511387660e+02
3.111098751961972084e+02
4.755048244808560298e+02
2.523551475228116203e+02
1.284482898162051470e+02
2.242482509133442647e+02
2.051568176339371803e+02
1.264320443679809159e+03
7.405690043840374415e+01
6.543466429743123172e+02
1.410767294020546672e+02
2.506300393141553684e+02
3.989014743522430422e+02
2.524924672010132554e+02
2.186827412173604728e+02
7.781161169177927661e+01
1.184066423442609874e+02
8.478199820531887099e+01
1.380075783642821250e+02
2.189796296349211673e+02
7.069549271924405502e+02
2.038703382539146389e+02
1.895091018166269521e+02
6.465352373291473498e+01
1.593973136613795987e+02
3.751515933526506501e+02
1.159976505695190383e+02
2.708174254591677368e+02
1.060450754225180958e+02
2.580323174386912797e+02
1.703214241256818866e+02
7.318005162833097188e+01
4.350153575790997138e+02
1.737129112849853243e+02
4.751631392816972266e+02
2.930987606003436667e+02
1.759677682210460432e+02
1.006367167880613778e+02
2.292395246406453282e+02
3.274488006531269662e+02
4.744137347261060427e+02
1.326241613057410120e+02
1.179661071488240793e+02
8.814758120597606705e+01
6.517805060505828578e+02
9.006325649537885170e+01
6.371025470970259903e+02
5.283191162649198986e+02
8.379418035805049385e+02
1.905309627034321522e+02
1.606703908579478082e+02
1.585787882611561770e+02
5.475499599040325194e+01
1.147162253697590870e+02
1.697954844022013958e+02
6.984982014304416964e+01
6.448953677315339519e+02
5.156329855733885097e+02
2.432862445431710512e+02
6.653231466622565904e+02
3.759366657035802177e+02
4.445866550304518228e+02
1.084892627089758435e+02
2.992690724220934158e+02
2.172952611735568382e+02
1.987980124016794150e+02
3.279088847709379024e+02
3.939848012134834221e+02
1.126071086232554563e+02
4.393606295438956977e+02
8.037168737348083880e+01
1.885707673214346869e+02
3.175781983675555580e+02
4.296469546894638114e+01
1.632184347801350839e+02
2.243394515722760616e+02
1.615631330584523937e+02
1.338299671389504226e+02
3.322963423416766204e+02
1.599885185927890063e+02
7.897659542042080716e+01
7.880236690667219079e+01
1.139716066663937539e+02
5.796631156927337543e+02
1.326126583939053205e+02
1.272641414899964047e+03
5.356971936314454297e+02
1.858367603247102409e+02
1.141143828780043918e+02
8.942335395298799483e+01
1.039649697340882710e+02
2.155231086523976671e+02
1.912081244984867681e+02
1.501148192292536407e+02
5.697132720890247128e+02
1.244588303181102731e+02
9.423955334188170241e+01
3.007185033204249862e+02
6.856579803345476876e+01
7.706779956982147439e+01
1.975403770188971180e+02
3.588539806911265373e+02
2.269808111193933939e+02
1.666302179385854458e+02
1.062343469473289133e+03
4.707110622455714832e+01
5.207644827199013662e+02
3.802172551047300431e+02
2.671702162567372625e+02
2.503720060927618363e+02
6.755333870266935037e+01
2.406476937266012612e+02
1.267115897394534301e+02
1.136253411345470568e+02
2.211072081250076451e+02
1.034406819771455162e+02
7.985565429226635388e+02
7.693369726452458224e+01
1.981226273400590969e+02
1.150387667851917115e+02
1.708312720926359134e+02
1.282755547811011354e+02
2.702713232187541053e+02
1.696539506359099789e+02
3.295720859718934435e+02
2.778147054110252157e+02
2.960469723806992874e+02
1.798764046868904529e+02
2.384871850987685775e+02
3.119291751034949698e+02
2.854940467861119373e+02
5.879295904245083193e+02
4.657153280649725957e+02
4.669132411604392132e+02
2.523148636003880370e+02
8.752668651458678539e+01
5.107136951227948884e+02
2.744014391597177109e+02
3.419337779897992959e+02
7.515527550293681713e+01
2.589975701941428952e+02
2.068303529598600505e+02
1.949111250674191922e+02
8.960922307980138157e+01
2.310756540036561262e+02
2.486467081698790196e+02
2.847275558266345001e+02
9.253277429186583447e+01
1.268597931876891607e+03
8.466576866951882607e+01
8.524122336103231419e+02
2.050331818314828070e+02
4.105450598652055305e+02
1.837161899527189348e+02
1.331068812233675089e+02
2.251026394762913299e+02
1.660751892464287209e+02
7.654395698088629842e+02
5.642492886746688328e+02
5.150670204240255998e+02
1.221516244661877266e+02
2.066781223269116481e+02
2.124993603813977927e+02
1.264510430915847223e+02
2.878999294084196663e+02
2.172204640604689700e+02
1.197725084402495099e+02
1.780692673658891465e+02
4.237546255014116241e+02
2.261502632584710568e+02
3.105580414243336236e+02
2.026043361301477432e+02
8.223685739789520710e+01
4.484171847582215378e+02
2.069046979227116196e+02
2.951313122195917344e+02
8.064289761044966554e+02
1.815402035597848283e+02
2.292945512719498709e+02
8.722622510884467601e+02
2.589553754067054001e+02
1.326361192469770742e+02
4.836141987617558016e+02
1.120223309127961784e+03
1.574585850748759128e+02
4.026941839056216850e+02
4.140343882012473387e+02
2.406166994029343016e+02
2.833885951383532529e+02
2.582537052127293009e+02
1.138555123132970721e+03
6.974032090070572565e+01
1.026713659500866697e+03
4.118106901521831986e+01
5.099957596028188505e+02
1.764914003274981269e+02
2.749368782610885660e+02
1.592548815730015406e+02
1.890078591609552063e+02
5.741705670081221342e+02
6.465669512322942580e+01
6.463270355956177582e+02
9.051465791519451898e+01
3.785722162212717308e+02
7.859471561926815752e+01
1.014303938714354132e+02
1.242215110668913098e+02
2.600808750083613745e+02
7.021870269279296508e+02
3.063811578089884051e+02
3.248134583864431875e+02
4.031703391017691160e+02
1.087064518416606376e+02
1.194272860138061390e+02
3.253145626485725188e+02
1.547088156823727161e+02
1.570524599072736578e+02
4.443024220140596867e+02
9.756816968260015699e+01
1.725420272518694560e+02
5.873272501722425432e+02
2.438445066678412445e+02
6.940503306335807565e+02
3.793432392932627408e+02
2.597309291418026760e+02
2.271136949927319222e+02
1.383668968254512777e+02
6.315087361550537537e+01
2.470324304981494947e+02
1.732856536720370570e+02
1.512816129192086692e+02
1.430267307271698201e+02
1.621643610593650919e+02
1.150889084700445437e+02
1.348236443434467162e+02
1.432828908494380755e+02
2.631503406626807191e+02
8.173860341244879919e+02
1.914710280082837244e+02
5.114280022793303715e+01
1.921572849151907008e+02
3.024746759555055746e+02
2.700519237013716065e+02
1.764538847513921382e+02
2.156900868533401763e+02
1.675112393445209023e+02
2.791482570040328142e+02
1.519155997042750528e+02
1.849936446177560185e+02
1.565273934404870602e+02
1.289163810054182704e+03
2.013412944198336731e+02
1.021535177161076831e+03
3.131591668925233876e+02
8.544359216045626226e+01
8.897095907975664204e+02
2.529039347797097150e+02
2.061496067796433636e+02
3.415613512337010889e+02
8.438058418834992835e+01
4.424656830665344387e+02
2.253826245013444520e+02
2.082323770098647628e+02
1.225999867366975025e+02
1.313393155479416521e+02
4.286429464334784711e+02
1.298211857969846221e+02
1.231564315321292611e+02
1.589619653529348966e+02
7.050669769039591017e+01
6.341358152148902860e+01
1.927595947728375734e+02
1.575544801532406041e+02
4.754619893279849663e+01
2.060526788681445396e+02
6.051651218320558883e+02
1.141942132820931732e+02
1.600368201170650195e+02
1.331857295562595596e+02
8.015899871662399789e+01
3.688430808061476114e+02
3.284496795807206126e+02
1.077286384735884042e+02
1.855408519400770615e+02
5.867755251195966792e+01
2.406109342569180569e+02
5.657085374431845821e+02
1.888922229517620792e+02
8.666043221621004022e+02
1.562707950368072147e+02
1.553660499010121328e+02
1.773844375622716143e+02
1.042207056082693697e+02
1.909230978980865530e+02
2.202548457906773649e+02
1.717002149591027091e+02
5.536956828859833024e+01
8.322322926337088234e+01
3.334318405792301974e+02
1.531226847998289884e+02
1.792114254962403663e+02
1.623175476132047095e+02
6.857369743822380315e+01
6.120183983931759286e+01
2.014596429483206919e+02
5.147597384293536038e+01
4.793566123266412546e+02
2.325097710617230575e+02
1.361080749804376353e+02
5.651168780730522911e+01
1.213318441632121250e+02
1.791861505776214756e+02
3.557177182543863410e+02
5.142726615123065130e+02
5.623946089521989222e+01
4.064457749250632901e+01
3.832363882978164042e+02
5.766838409214096828e+02
1.331010827795329874e+02
1.282745265570032984e+02
1.050253462107911844e+02
3.496974357257739143e+02
3.262203681425149284e+02
6.428850295840068156e+02
7.692613719255146520e+01
1.462551643230229104e+02
1.404100359252682324e+02
3.521972369198611545e+02
3.595365196739940643e+02
5.989514917369760951e+02
1.448332364634732130e+02
1.056646790202554342e+02
2.231703464090048783e+02
1.559513274352378289e+02
3.025979582743427159e+02
1.400984925941143729e+03
1.032940070235409564e+02
1.983613212631341582e+02
3.975420824355450122e+02
1.826285401945592071e+02
1.365177073763226190e+02
6.353756160370257930e+02
1.813777352826838865e+02
2.194791675300000122e+02
5.475398955804661938e+01
9.041591467191138065e+01
2.174823796324685645e+02
1.103269969498815612e+02
2.972620609429060323e+02
2.583935024046734270e+02
1.673751977987928115e+02
1.028807937695756891e+02
3.449107863644070449e+02
2.456266093782983262e+02
1.889078257702659016e+02
1.001419112204180237e+02
1.455633001625093357e+02
6.094923662300475371e+02
9.339932504002233316e+01
3.753831706720405919e+02
3.849962127207634239e+02
2.358719771480182033e+02
1.827203156881715245e+02
5.009502536076975616e+02
3.025226319013777925e+02
1.312730303108127146e+02
5.442264462900473632e+01
1.938324540400328146e+02
1.589770309016975034e+02
2.484455271889630126e+02
2.830784616176540567e+02
1.214560049041735823e+02
8.122149872293879298e+02
1.542015377941950476e+02
8.175764216243831584e+01
1.126520285316751597e+03
5.296320301063408351e+02
5.403761928218799540e+02
5.383448638865258999e+02
1.062141103044501307e+02
2.295012866555329651e+02
1.403290485149438780e+02
1.188960132932352707e+02
7.902444360577092652e+01
1.038701646091228213e+03
6.970121572879412497e+01
2.368070850599242476e+02
3.769679698426134564e+02
4.518698806791130664e+02
9.368630517115377643e+01
2.775200700800912159e+02
6.744702962040150851e+02
1.900142869912882588e+02
7.080148466185664802e+01
9.030312324647670721e+02
1.029123160517622466e+02
1.478999211347540665e+02
1.398726244652537218e+02
3.659280207720473754e+02
1.120932476454611759e+02
1.340977809685773536e+02
1.133645939670938816e+02
7.906757876487965575e+01
1.463257702009442198e+02
1.781114886739958934e+02
3.521861581236067877e+02
1.983149727837801208e+02
7.617027775339181517e+02
1.309634469122393909e+02
1.007590448667170193e+02
1.658459602662084365e+02
1.249197104672874275e+03
3.342946907909853280e+02
1.022105288756964796e+03
5.722256943703588661e+01
1.013039105983528572e+02
3.478502504590121021e+02
8.544334713490978572e+01
1.101406594086021613e+02
4.967380657296418462e+02
1.673485346187488574e+02
2.879874501768697996e+02
1.303081543023023414e+02
2.544549980753742773e+02
2.911330653050047204e+02
4.240487977937022492e+02
2.860207514584166688e+02
9.844776985294545568e+01
1.787777644938552157e+02
4.497248707011611373e+02
4.364857477902261280e+02
1.568248305083868672e+02
2.139707882359774089e+02
1.225040410348856597e+02
2.602208132054011003e+02
3.235404790745415653e+02
3.290844964749005044e+02
1.832858606462135356e+02
6.618542523574875247e+01
2.562739660174902951e+02
9.468014543739506053e+02
6.110546429385324245e+02
1.903479191013020682e+02
6.986612409666139456e+01
5.866828015648928840e+02
1.185028083190824475e+02
2.655249578662192675e+02
1.596111224610205284e+02
1.562494533764045457e+02
1.630507380572720422e+02
3.869719244257200899e+02
1.499882626533581629e+02
1.717641620997894165e+02
2.611135626483961687e+02
1.843742048002287675e+02
3.497674820609109929e+02
1.857286381564374835e+02
2.315597789345079036e+02
1.707930935897149425e+02
2.253638805600856188e+02
1.708638735331728071e+02
8.550558396614033541e+01
5.139967821423837222e+02
3.938689934881907675e+02
1.593034154215645231e+02
2.148821875552241920e+02
8.050977875221336433e+01
1.536818009030291421e+02
7.571398842891876768e+01
1.988121088453314940e+02
4.734353196289325183e+02
2.874179105724065835e+02
3.447955882833109058e+02
6.097108480404627784e+01
2.816729312693405518e+02
2.549268630820650401e+02
1.328662204060902070e+02
7.527939073858983932e+01
6.052731652792899695e+02
1.208185729684973069e+02
1.241785147248713770e+02
1.857797210919502504e+02
3.993874192547705206e+02
1.602713755589363132e+02
1.648866205153205726e+02
1.803993726858599018e+02
4.754943714313239411e+02
6.509975233221686608e+01
9.371675143873065394e+01
5.566136313595420688e+02
5.378640582991347401e+02
9.968429276923845350e+01
1.778687800293241708e+02
2.086751761894703350e+02
7.774293509712636308e+01
3.293769893142974752e+02
1.941544842534318036e+02
1.092883495527476896e+02
1.769553238694536219e+02
2.040457886571196013e+02
3.722581640966777741e+02
1.663430479224855389e+02
8.400368767051145369e+01
1.215840358292069681e+02
1.213359379091322978e+02
2.577524164372902646e+02
6.685347477221589543e+02
2.706877268253714419e+02
1.443273544270951732e+02
1.473993315358407017e+02
5.378257436142781671e+02
2.486383432441701871e+02
1.735619003285259510e+02
