2.753548179034271959e-01 -6.457692515370407893e-01 1.368808569122531349e+00 -8.579236426065282861e-02 1.297293772408492085e+00 3.313626184162819510e-01
-8.671329754336272178e-01 -2.537364913974958780e-01 -2.473663494779057836e-01 -1.509776279566781509e+00 1.642032193908838922e+00 -3.000254032420506811e-01
-1.306861400073028867e-01 2.453488445866864320e-01 1.248975749735152935e-01 5.820600919727056399e-02 -1.374428994219193179e+00 -8.610273621202335637e-01
-1.173654090719178367e+00 8.405259800964715033e-01 5.892224293859474882e-01 -9.017831471888837491e-01 4.354477186576262149e-01 1.049063983859370941e+00
-9.109217061887059375e-01 -8.991935702510320816e-01 2.706958250357200946e-01 -4.377883882689092565e-01 3.492631132825395057e-01 8.304637908573702099e-01
-5.964390034931403850e-01 -8.990679052996036758e-01 -1.251275517436331308e-01 -1.501776369930230004e+00 5.216323240327123134e-01 1.740753108709793162e+00
-4.770151923429257756e-01 -1.174316037244998334e+00 3.794344596998133201e-01 2.502038404745012268e-01 -1.202059783469020093e+00 1.969196743905542724e-01
1.688536583180968442e+00 -3.354357095013277973e-02 1.640989587650750481e-01 2.822034790207065824e-01 -8.165991359289372087e-02 2.423367682595678196e-01
-5.486694790330546301e-01 1.602963165957490332e+00 -1.118662309602804106e+00 -7.097853159116528365e-01 1.555847588533752157e+00 1.521596504144314022e+00
-4.929383671629544161e-01 1.455823470607185532e+00 -5.771460156330550095e-01 -1.817912798992678824e-01 3.492631132825395057e-01 -9.408724214795359808e-01
1.660322707796210370e-02 1.068733531890492028e+00 -1.426866292515755585e+00 1.018195165583424933e+00 -1.115875178093933329e+00 -1.494641030032486828e+00
6.535302198791070882e-01 9.530659254868170116e-01 -5.404541875123534261e-02 -5.793267895139647683e-03 6.078169294077990781e-01 1.881561922657541963e-01
3.868170416436277348e-01 1.331610647506377365e+00 -9.737593889509750245e-01 3.942022139324246055e-01 -2.540291243430671253e-01 -1.503334960711853574e+00
-7.715939265134554859e-01 -9.457873416862161431e-01 4.504112598204026430e-01 -1.165780165195076101e+00 4.354477186576262149e-01 2.488746041304512324e-01
-8.711137691386343640e-01 -1.586371412978805573e+00 -8.347024426845425227e-01 -1.061781339919909639e+00 3.492631132825395057e-01 -6.418707575547546451e-01
-3.934185245377753715e-01 -1.799848239910938785e+00 -1.438698685115626485e+00 -1.037781611010255567e+00 -1.115875178093933329e+00 8.800539714524799884e-01
1.764171663576104443e+00 8.788677530545219163e-01 2.302480022610879640e-01 5.062009488441425731e-01 8.663707455330591500e-01 -1.162532878080672738e+00
-3.514709108713100216e-02 -1.197703680983066343e+00 -1.269639425862281401e+00 1.458190195593745520e+00 4.354477186576262149e-01 -1.555428993342617083e+00
8.286851428994223001e-01 1.626881395046034351e+00 -6.085176559534837271e-01 -4.937877557247682958e-01 5.216323240327123134e-01 -3.569880370532630964e-01
5.243037042302611805e-02 8.520592300831246746e-01 1.143150446750516247e+00 5.782001355731043457e-01 -8.573213619686734788e-01 -3.862691955813699618e-01
-1.181615678129192659e+00 -1.313022218077218195e+00 9.843084760626381602e-01 9.020564774347594739e-02 1.768939025323660874e-01 1.077997385160303523e+00
-9.785951991738277567e-01 9.508039563611052625e-01 -1.693340902713733387e+00 1.322191731772373480e+00 -1.029690572718846786e+00 1.214179115321903035e+00
8.048003806693793116e-01 1.581460496490849188e+00 -1.681420732720688704e+00 -1.097920931703067204e-01 6.078169294077990781e-01 1.398490445724481557e+00
9.600513351646585702e-01 -7.591190377254805055e-01 1.218428339136637284e+00 -1.037781611010255567e+00 -1.029690572718846786e+00 6.603409553235228824e-01
-5.208039230980044954e-01 5.901036574443813132e-01 -4.400903939309918633e-01 -4.377883882689092565e-01 -1.374428994219193179e+00 1.073267886870729049e+00
-9.785951991738277567e-01 9.508039563611052625e-01 -1.693340902713733387e+00 1.322191731772373480e+00 -1.029690572718846786e+00 1.214179115321903035e+00
4.465289472187351505e-01 -1.065895109707029054e+00 -1.353923278788066620e+00 -1.417917317165115487e-01 1.124924561658318556e+00 1.627245149759979803e+00
1.161230697031407078e-01 1.670501095964079141e+00 9.163687737458736660e-01 -5.017876653613194682e-01 -1.374428994219193179e+00 7.290577834132380142e-01
5.641116412803327818e-02 9.966856264048615799e-01 -1.021474302106499116e-01 -7.017854062751016642e-01 -1.115875178093933329e+00 -8.514988140956475382e-01
1.421823404945488978e+00 1.475846086201447749e+00 3.049290083736246881e-01 -1.213779623014383802e+00 -1.719167415719540015e+00 5.177604921819065620e-01
1.306380387500281293e+00 -9.337653946662299864e-01 1.617165925369371537e+00 -1.101780888102665834e+00 -9.435059673437601324e-01 1.201590303698180984e+00
1.740286901346061565e+00 9.367155190287405064e-01 -1.479585394856129055e+00 -6.179263535099892291e-02 -8.165991359289372087e-02 8.054948219462301218e-01
-1.943788392874174764e-01 -1.677115470682509546e+00 -1.252206835577902355e+00 1.586188749778565832e+00 5.216323240327123134e-01 -3.185956391731778470e-01
3.868170416436277348e-01 -1.475953808990362326e+00 -1.380028275518048186e+00 -9.977820628274990389e-01 1.383478377783578850e+00 -7.517620413419497938e-01
-3.416682063726824703e-01 -1.064917715640363305e+00 -7.268591374308250863e-01 4.220618992416814985e-02 1.469662983158665392e+00 1.726286408059324762e+00
-3.217642378476466836e-01 1.571588816417527346e+00 9.522881608066453840e-02 -3.097898340840888332e-01 -2.540291243430671253e-01 -9.233454572299358842e-01
1.644747852425889612e+00 -1.700517077192958526e+00 1.344775118871458286e+00 -2.179308716824206529e-02 3.492631132825395057e-01 -1.585057909097898232e+00
-1.679214891255087494e+00 3.040623024485227810e-01 2.095676484292665620e-01 1.410190737774437597e+00 -8.165991359289372087e-02 -1.414378662000568720e+00
1.632805471310868173e+00 4.590770014216761785e-01 -5.571503254679914807e-01 -1.277778900106794069e+00 -8.165991359289372087e-02 1.130508726463678615e+00
1.628824677605861027e+00 -6.115325336589850780e-01 -1.407046157137040732e+00 -1.293778719379896858e+00 1.124924561658318556e+00 -1.694670987103356508e+00
-1.806600289815316840e+00 -5.931575252056731085e-01 9.745651854203112308e-01 9.461959788544631600e-01 -5.987675458434136289e-01 -1.207880420504249042e+00
-1.711061240895144886e+00 3.316108523561100418e-01 4.447935066572594187e-01 -1.325778357926101991e+00 -1.678445189679804161e-01 1.738944771128484001e+00
-1.794657908700295179e+00 -1.755823618593846724e+00 8.301713736488930406e-01 1.058194713766181128e+00 -5.987675458434136289e-01 1.034805937545210552e+00
-1.484155999709736884e+00 1.688750439465962261e+00 -6.109578674837238266e-01 -1.525776098839884076e+00 1.469662983158665392e+00 1.046768786160017228e+00
5.938183143039996725e-01 -1.521712850985661725e-01 7.017706029137974477e-01 9.941954366737709714e-01 5.216323240327123134e-01 1.554355234944168496e+00
1.079475146314873069e+00 -4.817655640535391248e-02 -9.928948606629321993e-01 -4.537882075420117123e-01 -1.678445189679804161e-01 -1.670188878310261194e+00
-1.627464573089994371e+00 -1.391032227369508600e+00 4.254473692016844666e-01 -8.579236426065282861e-02 -8.165991359289372087e-02 -1.472245464602437659e+00
1.608920709080825073e+00 1.741585570155425255e+00 2.683609463772884673e-01 -7.577847737309606480e-01 1.768939025323660874e-01 -1.608774951991211566e+00
-1.703099653485130593e+00 -6.464255018389447605e-01 -1.608495274471634096e+00 -1.325778357926101991e+00 -1.460613599594279721e+00 1.600606946158401156e+00
6.933381569291787727e-01 -1.843426052511840219e+00 -2.179600449906525864e-02 -1.549775827749537926e+00 -1.632982810344453251e+00 -1.420499189198844547e+00
-1.010441548813884927e+00 6.814062260433227936e-01 -1.656720174281492763e+00 1.462050151993346814e-01 -5.125829404683269752e-01 -1.660729881731108470e+00
-1.555810286399865516e+00 1.301437096391174331e+00 1.584161625535904561e+00 6.901988704848223133e-01 1.211109167033405321e+00 -1.657911135526268231e-01
-5.884774160831263146e-01 -1.606746134785564384e-01 -3.319662010191174462e-01 1.154193629404796750e+00 -5.987675458434136289e-01 1.468806957059197948e+00
9.361665729346155818e-01 -8.890984858196152585e-01 -1.631510506961887152e+00 1.370191189591681402e+00 2.630785079074527966e-01 -1.501596174575977827e+00
1.087436733724887361e+00 5.540098908396612343e-01 1.217146789196295709e+00 -1.357777996472306903e+00 4.354477186576262149e-01 -1.428914914096470312e+00
-1.281135520754371759e+00 -1.919006539409847889e+00 8.153721051597369041e-01 -9.417826953716400551e-01 -1.115875178093933329e+00 -7.118395116622966423e-01
1.997197375082911119e-01 -2.512371551413082882e-01 1.571486569961561663e+00 -7.897844122771656705e-01 3.492631132825395057e-01 -1.709694099317302873e+00
-1.667272510140066055e+00 -1.212437442747925226e-01 1.610705509231756816e+00 5.622003163000013348e-01 4.354477186576262149e-01 -5.137898581216101407e-02
1.326284356025317024e+00 -1.300679127292470705e+00 8.852077991690627812e-01 -1.213779623014383802e+00 -3.402137297181538345e-01 1.669741082920723985e+00
8.167427617844007504e-01 1.923461606286524794e-01 1.477196971987853324e-01 -2.937900148109858778e-01 -1.374428994219193179e+00 1.642268261973926169e+00
1.445708167175531855e+00 -1.181758194924037442e+00 5.590796725699567205e-01 -4.057887497227041784e-01 1.124924561658318556e+00 -1.310955662638823682e+00
1.561151184620739096e+00 -2.083574811594533227e-01 1.605544198513118248e+00 1.138193810131694406e+00 -3.402137297181538345e-01 1.698674484221656567e+00
8.641639667947778256e-03 1.252930425139802129e+00 -6.695404996881283433e-01 1.306191912499271135e+00 4.354477186576262149e-01 1.376581740412477384e+00
1.760190869871097297e+00 1.710518401607842076e+00 4.406504136994408571e-01 -4.137886593592553508e-01 -5.125829404683269752e-01 3.740672059133339222e-01
-1.659310922730051763e+00 -9.344774960576577305e-01 1.185775148875866325e+00 -8.777834182792297879e-01 5.216323240327123134e-01 -1.612391627153829665e+00
-7.795555139234698894e-01 -4.916062816791244017e-01 9.343280283892975158e-01 6.421994126655145019e-01 1.469662983158665392e+00 -1.573025509037654590e+00
-9.547104369437847682e-01 1.752557272343867600e-01 1.982970311457102897e-01 -2.179308716824206529e-02 5.216323240327123134e-01 -1.227007067998858281e+00
-8.949985313686773525e-01 1.760505126731593206e+00 -1.655982844178830238e+00 7.461982379406810750e-01 2.630785079074527966e-01 -1.314326995077712279e-01
-1.348809013739493468e+00 -1.806033748075693168e+00 -1.366738778191487036e+00 -5.657869424537297354e-01 -7.711367565935867141e-01 1.650336229644377539e+00
-1.655330129025044616e+00 6.920458585975961530e-01 -4.104567459954109321e-01 6.341995030289629964e-01 6.940015347828857317e-01 -6.685089611563331813e-01
1.748248488756075858e+00 -1.066286067333695131e+00 -7.124636449502703694e-01 -7.017854062751016642e-01 6.940015347828857317e-01 2.068655310877479669e-01
5.898375205989925263e-01 2.422909974352615015e-01 6.461206134153330005e-02 1.466190105230296803e+00 1.297293772408492085e+00 -1.015362019540352545e+00
1.246668481925173877e+00 9.279887862906553986e-01 -9.670523183385475174e-02 1.066194623402732633e+00 -1.460613599594279721e+00 1.580854335654880316e+00
2.833164053134414884e-01 8.449940672583710066e-01 -1.716408801639890847e+00 -6.179263535099892291e-02 -7.711367565935867141e-01 1.645954488581977460e+00
-1.922391626710235474e-02 -6.441914582579949533e-01 4.992330459038453738e-01 -1.549775827749537926e+00 -1.115875178093933329e+00 -1.701000168637936127e+00
7.809156184393363231e-01 -1.479779608622738829e+00 -1.197556630587698567e+00 1.418190647410989103e+00 -1.546798204969366486e+00 -6.450701240447610507e-01
1.752229282461083004e+00 -5.157618778981442054e-01 1.612812166667935587e+00 1.354191370318578835e+00 -6.849521512185003935e-01 -1.357346476743923169e+00
-1.444348062659665199e+00 2.089060086724428555e-01 -1.499563529542557561e+00 1.330191641408924985e+00 4.524691782192685578e-03 1.321705649964314944e+00
-9.626720243537990607e-01 -1.352313459557172415e+00 5.383299745975192452e-02 9.381960692179116545e-01 -1.632982810344453251e+00 -1.512654854400131921e+00
1.079475146314873069e+00 -5.901694919161527553e-01 -1.714758586648217342e+00 -1.237779351924037874e+00 1.383478377783578850e+00 1.682677651771624205e+00
-1.109961391439063805e+00 -4.665291424829631772e-01 -1.742303132626254802e+00 -1.477776641020576154e+00 1.555847588533752157e+00 -1.244116723575850791e+00
-2.103020141074461169e-01 -1.666461875355855327e+00 1.447316669577459303e+00 1.170193448677899095e+00 5.216323240327123134e-01 -8.281990798749420124e-01
1.620863090195846512e+00 1.514090119752832253e+00 1.318441900919223864e+00 -1.541775918112986643e+00 7.801861401579723854e-01 1.502330753758838178e+00
1.421823404945488978e+00 -8.618710796767896642e-01 -9.184420757726482476e-01 1.194193177587553167e+00 4.524691782192685578e-03 1.084117912358579350e+00
2.076813249183054322e-01 -1.071443810730188240e-02 -1.514854351433488455e+00 -7.177852255482043420e-01 -1.374428994219193179e+00 1.023538603384748891e+00
-7.994594824485056206e-01 -1.702820934635813188e+00 6.669405333023090687e-01 1.162193539041347812e+00 2.630785079074527966e-01 1.443351128030012864e+00
1.346188324550352977e+00 1.699054965483093094e+00 9.891888991231192474e-01 1.162193539041347812e+00 5.216323240327123134e-01 7.942274877857723459e-01
1.338226737140338463e+00 2.637098902676174861e-01 1.263440586356323836e+00 1.458190195593745520e+00 -7.711367565935867141e-01 4.512693103461080657e-01
9.560705414596514240e-01 1.342222354515888672e+00 -1.515310793877993945e+00 -1.493776460293678943e+00 1.768939025323660874e-01 -1.487268576816380250e+00
1.604939915375817927e+00 1.052743120611346755e-01 -1.571242548808539752e+00 1.462050151993346814e-01 -1.460613599594279721e+00 -1.520722822070587288e+00
-1.484155999709736884e+00 8.296210548669602503e-01 1.471753895837132786e+00 -1.257919124434091485e-01 -1.115875178093933329e+00 1.750838068297857264e+00
-1.639406954205016032e+00 -9.603644760519134405e-01 1.456814183518898353e+00 7.221985090310271138e-01 -1.374428994219193179e+00 4.446619230297914060e-01
-1.267053463022957405e-01 -1.787211930906191348e+00 -9.077156783267710249e-01 -1.337918220799600710e-01 -4.263983350932402661e-01 1.552199140135684940e+00
-9.149024998937130837e-01 4.115197986922075057e-01 1.061148806047258475e+00 -1.349778086835755841e+00 -1.719167415719540015e+00 1.642616019201100563e+00
1.161230697031407078e-01 -4.084579721506497729e-01 -3.025256633485194357e-01 -3.977888400861526730e-01 -1.546798204969366486e+00 1.739570734137399377e+00
-1.054230279568963757e+00 1.505084131567127947e+00 -1.565484351816317732e+00 1.146193719768245245e+00 1.038739956283232457e+00 1.354047072091557613e+00
1.178994988940052169e+00 1.687144720642155260e+00 -3.991325845020274321e-02 1.114194081222040555e+00 7.801861401579723854e-01 -1.218521791655795328e+00
4.844957671801895793e-02 1.683821580815492380e+00 1.544310689034855688e+00 1.394190918501335252e+00 1.768939025323660874e-01 -2.977997569881339901e-01
-6.999396398233266314e-01 -1.276663158797260555e+00 -4.446723738546806137e-01 -1.285778809743345574e+00 -2.540291243430671253e-01 -1.693349509640092343e+00
1.758349752782481512e-01 -2.773475394936589788e-01 -1.182669584705368315e+00 1.458190195593745520e+00 9.070929715727939213e-02 -8.629052511469759157e-01
-1.496098380824758323e+00 -1.511042255983654936e+00 -1.624505870986592715e+00 -1.469776731384025092e+00 -1.678445189679804161e-01 -1.285115387995018899e-01
9.162626044095798505e-01 -6.423204467589495037e-01 -1.592168679341248838e+00 -1.357777996472306903e+00 1.469662983158665392e+00 -1.475862139765051761e+00
-1.090057422914028296e+00 -1.744681326233859631e+00 6.142038754833005765e-01 1.394190918501335252e+00 1.124924561658318556e+00 1.193698127306017931e-01
8.286851428994223001e-01 9.808937308420228041e-01 -1.206580146605997106e+00 6.981987801213732636e-01 6.940015347828857317e-01 -1.542909733164328445e+00
-8.910177376636702062e-01 -8.697740088443995932e-01 6.077961257815905904e-01 1.506189653413053220e+00 1.555847588533752157e+00 1.608814016719723128e+00
-1.034326311043928026e+00 1.386372640784408583e+00 -1.598522884833130930e-01 -1.261779080833691724e+00 -8.573213619686734788e-01 -3.412694103849679972e-01
-5.128423356879902029e-01 7.596815280108508706e-01 -4.452165936923602185e-01 1.538189291959258576e+00 -1.029690572718846786e+00 -7.847989779235452490e-01
2.673932304934128479e-01 -1.782660067110006130e+00 7.920057630967877182e-01 -2.137909184454732381e-01 -8.573213619686734788e-01 -1.482469527081372584e+00
6.256646639440569535e-01 1.666298301477416866e+00 -1.263969006263233608e+00 1.378191099228232908e+00 4.524691782192685578e-03 7.605645881952615150e-01
1.678733878682338032e-01 -1.097032092116516644e+00 3.019445770057049838e-01 1.346191460682027330e+00 -1.460613599594279721e+00 1.704447254192757999e+00
-1.356770601149507982e+00 -1.518641041061856989e-01 -1.447564201826212038e+00 1.226192816133758523e+00 9.070929715727939213e-02 -1.683403652942898621e+00
1.119283083364944753e+00 -4.609719590753506013e-01 -1.059904122612051580e+00 1.338191551045476491e+00 1.555847588533752157e+00 -1.159227271757799355e-01
1.668632614655932489e+00 1.509985064672836552e+00 -5.833606550697820747e-01 8.821967017620530038e-01 -1.460613599594279721e+00 -1.211010235548822145e+00
-1.619502985679980078e+00 2.267055065551636800e-02 -1.053215485252184003e+00 -1.181779984468178668e+00 -1.202059783469020093e+00 1.196480185123428575e-01
1.732325313936047051e+00 -1.427628653779942303e+00 1.554879087173019814e+00 -1.293778719379896858e+00 9.070929715727939213e-02 -5.342051200214760209e-01
-1.492117587119751176e+00 -1.394369329968552229e+00 -1.287388014762087307e+00 1.578188840142014993e+00 1.768939025323660874e-01 1.409201368321461034e+00
-1.665132833523673417e-01 4.816408415892692307e-01 -1.194080645818003328e+00 -1.177920028068576569e-01 9.525553509081458037e-01 -1.685420644860511574e+00
-1.189577265539207174e+00 1.617540300323188296e+00 1.163040804043771415e+00 1.058194713766181128e+00 -8.573213619686734788e-01 -6.758118629270025712e-01
1.429784992355503270e+00 2.215089117444836355e-03 -3.390937253448556565e-01 1.554189111232360920e+00 1.728216799283925686e+00 -1.260252658916757529e+00
4.027402164636563753e-01 -1.110994864497452772e+00 1.528686313049863577e+00 -1.589775375932294121e+00 4.524691782192685578e-03 -1.352477875563478094e+00
-1.209481234064242905e+00 -5.498450052800090138e-01 5.115394364268561755e-01 -1.181779984468178668e+00 -1.632982810344453251e+00 -1.420568740644277961e+00
-3.300741447073706879e-03 1.115075973422819056e+00 1.560584617729336987e+00 -5.497871231806272796e-01 -5.987675458434136289e-01 -1.716997001087968266e+00
1.123263877069951899e+00 2.765277153133169352e-01 1.573171895910504769e+00 -1.165780165195076101e+00 8.663707455330591500e-01 1.672907586352730680e-01
-6.760548775932836429e-01 -1.852180710794687490e+00 1.677925436924493141e+00 -1.573775556659191777e+00 -8.165991359289372087e-02 2.265485901458354767e-01
1.736306107641054419e+00 1.411058822353904008e+00 1.492855581156189881e+00 3.702024850227706998e-01 1.642032193908838922e+00 -3.143530010016483689e-01
7.769348247343291769e-01 5.376455216092040912e-01 -1.371320758115176064e+00 1.378191099228232908e+00 1.383478377783578850e+00 7.016545139118735008e-01
-9.029601187786916450e-01 -7.125392290626774150e-01 -1.701293534535308183e+00 9.781956174006685156e-01 6.940015347828857317e-01 -7.608037292484909342e-01
-4.690536049329114276e-01 2.373621387847909270e-01 6.562843577709716048e-01 1.498189743776501714e+00 4.354477186576262149e-01 1.629401244568463136e+00
8.684930799494938736e-01 -1.545767670895043189e+00 7.986592894993854719e-01 -9.577825146447427329e-01 -3.402137297181538345e-01 -2.346470445332125010e-01
1.616882296490839366e+00 -7.417214233388340627e-01 1.698465346927236164e+00 1.506189653413053220e+00 4.524691782192685578e-03 4.084951714036227921e-01
-7.556707516934269009e-01 1.678445913448831206e+00 1.175347194566781717e+00 1.082194442675834978e+00 -1.288244388844106636e+00 2.892144424827120530e-01
5.022600590888354199e-01 7.967666514546173362e-01 7.274542681565439040e-01 -1.469776731384025092e+00 -1.202059783469020093e+00 9.354864734641245017e-01
7.012997443391930652e-01 1.329641896600665119e+00 8.832942519978669305e-01 1.194193177587553167e+00 4.524691782192685578e-03 1.706603349001241332e+00
-1.233365996294285782e+00 7.795505531089230722e-01 -9.012192734579614617e-02 -1.389777635018512036e+00 -1.288244388844106636e+00 -6.310902835123377574e-01
1.453669754585546148e+00 7.177792480956612930e-01 -1.667130573111942793e+00 -6.937854966385503808e-01 -2.540291243430671253e-01 -6.469480130715034027e-01
-1.603579810859951493e+00 -9.367813535005122816e-01 -1.565958349739458022e+00 1.082194442675834978e+00 -1.288244388844106636e+00 -1.482052218408761002e+00
2.355468808533555669e-01 -1.251837349503955865e+00 -1.325606291750096810e+00 1.594188659415117337e+00 -1.374428994219193179e+00 3.193302183560381424e-01
-1.187437588922814063e-01 -1.505415258714137616e+00 1.643727364543858371e+00 -1.293778719379896858e+00 -5.987675458434136289e-01 4.623975416156993479e-01
-1.161711709604156928e+00 5.786402213196327748e-01 1.678855877292139587e+00 1.138193810131694406e+00 -1.288244388844106636e+00 -5.369176263934375415e-01
-5.208039230980044954e-01 1.040738173266715139e+00 1.646448463732256506e+00 -1.021781791737153000e+00 1.383478377783578850e+00 2.497092214756704842e-01
-6.999396398233266314e-01 -1.892784452878449653e+00 -7.915159652428779280e-01 -1.093780978466114551e+00 1.383478377783578850e+00 -1.026838008037118222e+00
3.509898982985632521e-01 1.476348746007161372e+00 -9.252009350470549176e-01 -1.261779080833691724e+00 -9.435059673437601324e-01 1.661186255132227840e+00
1.604939915375817927e+00 -6.530997070370321289e-01 1.580387197629417040e+00 -1.013781882100601717e+00 6.940015347828857317e-01 -1.252462897028043365e+00
7.172229191592217612e-01 7.289215404556483868e-01 -1.279330050068703706e+00 -1.389777635018512036e+00 -1.374428994219193179e+00 -8.873873599400711187e-01
-1.068013777772599121e-01 1.320828350325323475e-01 8.685125389873462609e-01 1.210192996860655512e+00 1.383478377783578850e+00 5.670724669952752484e-01
-1.699118859780123447e+00 -1.572757709907392831e+00 -1.381362491894294608e+00 -3.177897437206397835e-01 1.555847588533752157e+00 1.481534871573794376e+00
1.724363726526032758e+00 7.166203379880436986e-01 1.461027498391256119e+00 -5.737868520902809077e-01 3.492631132825395057e-01 5.638035490598315436e-01
-1.320943457804443444e+00 -6.825471939884266703e-01 1.657613748144003196e+00 -1.061781339919909639e+00 1.642032193908838922e+00 9.628201915200518268e-01
4.844957671801895793e-02 1.236580018681725956e+00 -1.743479349694788016e+00 -1.333778267562653053e+00 2.630785079074527966e-01 1.212477017573441035e-01
1.210841338580109339e+00 6.045690896310312867e-01 1.104124617745305681e+00 8.341972439427451924e-01 -1.288244388844106636e+00 -1.422655284007327881e+00
1.565131978325746243e+00 1.680582217623114882e+00 1.235018266446544999e+00 -1.421777273564717170e+00 -1.202059783469020093e+00 -9.022018178177136916e-01
-1.603579810859951493e+00 -3.973575681078052591e-01 -1.416789447779367439e+00 8.981965210351553486e-01 1.642032193908838922e+00 -7.747835697809143385e-01
9.520897477546442778e-01 -7.851456454435455923e-01 1.608598851795578044e+00 1.130193900495142900e+00 1.642032193908838922e+00 -4.025075454257372870e-02
1.728344520231039905e+00 1.283690412695004168e+00 8.460941927706771004e-01 2.982032982938089827e-01 -3.402137297181538345e-01 1.504208642785580530e+00
-1.094038216619035220e+00 4.809845912873652596e-01 -1.574033869911476646e+00 1.186193267951001662e+00 -1.288244388844106636e+00 1.014950912538233052e-01
-7.556707516934269009e-01 -2.068385758729028578e-02 -1.138500000460153982e+00 -4.057887497227041784e-01 6.078169294077990781e-01 1.643311533655449352e+00
-3.138026504376323356e-01 -5.620903566580901511e-01 -1.333488701657132625e+00 -1.005781972464050433e+00 1.211109167033405321e+00 -3.989971100959624484e-01
-3.496297937826965962e-01 1.141685980677910189e-01 1.322900992492469063e+00 -1.485776550657127659e+00 -8.165991359289372087e-02 4.209815685239038513e-02
8.029592635807625278e-02 -1.783358205729052903e+00 3.453592756696218791e-01 -9.737823339178454107e-01 -1.374428994219193179e+00 -2.411153289586626391e-01
1.760190869871097297e+00 -6.356353156914522351e-02 1.022070310606142396e+00 1.554189111232360920e+00 6.078169294077990781e-01 1.571117133293986612e+00
-1.074134248093999711e+00 1.223329347692217350e+00 1.449335549620464070e+00 1.298192002862719630e+00 5.216323240327123134e-01 1.071737755071157316e+00
1.083455940019880215e+00 -9.143850666014907702e-01 -1.327677838229006202e+00 -1.221779532650935085e+00 -1.546798204969366486e+00 3.215558646099548334e-01
7.490692687992790422e-01 1.548759683574696844e+00 1.030180941735430400e+00 -1.165780165195076101e+00 7.801861401579723854e-01 1.504417297121884323e+00
5.221640276138712622e-01 1.634923951937453879e+00 7.686578542863985175e-02 -5.177874846344219240e-01 -1.374428994219193179e+00 -1.618442602906668082e+00
-1.293077901869393198e+00 1.212117241470325624e+00 -7.546845710670195828e-01 1.330191641408924985e+00 -1.546798204969366486e+00 9.112130190073292058e-01
9.640321288696657165e-01 -8.100412685987548045e-01 5.638020963227241555e-01 1.586188749778565832e+00 -1.546798204969366486e+00 -7.337482169743008154e-01
1.557170390915731950e+00 1.282849609449174255e-01 4.477779380251791230e-01 -1.389777635018512036e+00 1.469662983158665392e+00 1.522848430162144995e+00
-3.456490000776896165e-01 -1.865263828515624445e+00 7.615118967081003776e-01 1.138193810131694406e+00 -1.115875178093933329e+00 3.365094253784679523e-01
4.624521220387637910e-01 -1.854875525864207786e+00 1.431586960720657720e+00 -1.061781339919909639e+00 7.801861401579723854e-01 -1.422237975334716298e+00
1.704459758000997027e+00 -1.945343365023267934e-01 -1.409837478239977404e+00 -9.177829664619864269e-01 1.728216799283925686e+00 5.083710470481910271e-01
-2.859370945025822008e-01 -1.402886621120923216e+00 -1.423846750190566279e+00 6.821989608482708078e-01 -1.546798204969366486e+00 1.731641869357814612e+00
1.529304834980681926e+00 1.562024317336585977e+00 -7.395693039624366971e-01 1.586188749778565832e+00 -1.374428994219193179e+00 6.366934638756429621e-01
6.654726009941286380e-01 -1.879020196213817828e-01 6.803704744579484043e-01 1.274192273953065779e+00 1.383478377783578850e+00 -1.716997001087968266e+00
-1.189577265539207174e+00 -1.264501584053465022e+00 -8.936704176449915271e-02 -1.205779713377832740e+00 1.469662983158665392e+00 -1.659269301376973926e+00
1.724363726526032758e+00 6.114806619595942738e-01 1.550858882565644414e+00 1.178193358314450601e+00 -1.029690572718846786e+00 -1.356057862338674591e-01
-9.188832935987203410e-01 3.553894537208443505e-01 1.254434625816658988e+00 1.186193267951001662e+00 6.940015347828857317e-01 -1.641046822673021044e+00
6.893573632241716265e-01 -4.771129239477129302e-01 -1.337245574084984678e+00 1.506189653413053220e+00 1.469662983158665392e+00 1.366427229378975872e+00
3.151627549534988249e-01 -3.386859985631115455e-01 9.283416101748227511e-01 1.090194352312386483e+00 -1.546798204969366486e+00 2.775297996496426389e-01
-6.641124964782622042e-01 1.527647971734721333e+00 1.025669183726280798e+00 1.266192364316514718e+00 7.801861401579723854e-01 -1.108352302086859087e+00
7.132421254542146150e-01 1.147986227924685743e+00 1.366298135677751047e+00 -2.697902859013319721e-01 1.728216799283925686e+00 -1.174843483922657583e+00
6.853765695191644802e-01 -2.656606990108155153e-01 -1.287282681890278502e+00 -1.349778086835755841e+00 7.801861401579723854e-01 -8.094201896075109426e-01
-1.715042034600152032e+00 -3.573961135535660416e-01 1.676731664377325348e+00 4.982010392075911231e-01 -1.202059783469020093e+00 7.127827451814607862e-01
-2.222443952224676111e-01 -5.347512483362172331e-01 -1.219378090530783387e+00 -1.461776821747473809e+00 6.940015347828857317e-01 1.249093940930240620e+00
-3.496297937826965962e-01 1.610475137498434073e+00 -1.008413903776115950e+00 -2.179308716824206529e-02 1.038739956283232457e+00 -1.484556070444418729e+00
1.362111499370381562e+00 1.110761476757109900e+00 -9.183894093367435119e-01 -1.533776008476435138e+00 9.525553509081458037e-01 3.103580818949342457e-01
-4.133224930628111582e-01 1.322465031596863794e+00 -4.575580951726407886e-01 -1.421777273564717170e+00 -6.849521512185003935e-01 1.210423337268418331e+00
-6.402277342482192157e-01 -1.872876576366208357e-01 1.396440892493741925e+00 1.426190557047540608e+00 1.768939025323660874e-01 -1.233544903869741693e+00
1.477554516815589247e+00 3.095775975389927215e-01 1.312086817653417503e+00 -1.141780436285422473e+00 -1.115875178093933329e+00 -1.137007497606050466e+00
-1.261231552229336028e+00 -1.336633266173381296e+00 1.496542231669502288e+00 9.461959788544631600e-01 -4.263983350932402661e-01 -5.704414230930778817e-01
-4.610920175228971352e-01 6.728051582566663136e-01 -1.524123644152675094e+00 3.302029368400143938e-01 7.801861401579723854e-01 1.717244720152783621e+00
5.420679961389065493e-01 -9.559941282966804010e-01 4.720571649771393985e-01 -1.461776821747473809e+00 1.124924561658318556e+00 1.520205475235616666e+00
-1.261231552229336028e+00 2.327404611267007983e-01 1.124208085303542104e+00 -5.977865809999347579e-01 1.469662983158665392e+00 5.213076158990873621e-01
4.505097409237422967e-01 -8.728877070853483522e-01 -1.324675851382451253e+00 5.020609956071908631e-02 -1.460613599594279721e+00 -7.391036782727945509e-01
-1.647368541615030324e+00 -1.207505547194483553e+00 1.691355378080133365e+00 -1.013781882100601717e+00 9.070929715727939213e-02 6.851708213437923689e-01
-6.481893216582335082e-01 -1.734572279030061948e+00 1.087833133572188915e+00 -8.377838700964734819e-01 -8.165991359289372087e-02 1.473953764021383783e+00
-1.798638702405302325e+00 -4.692518830972456367e-01 7.356175657217366437e-01 -1.657914606261654544e-01 -1.719167415719540015e+00 -7.713059975091668408e-01
1.362111499370381562e+00 -7.411070613540727825e-01 5.379253208149948895e-01 -3.737891111764987673e-01 -1.719167415719540015e+00 -1.169905331296775319e+00
1.182975782645059315e+00 -6.620498441332123285e-01 9.337838085516179110e-01 -1.397777544655063542e+00 1.728216799283925686e+00 -2.501570168652038073e-01
-3.257450315526538298e-01 -9.238518262757654531e-01 1.587865831527851324e+00 5.820600919727056399e-02 -5.987675458434136289e-01 -1.272076404640693603e+00
1.708440551706004173e+00 1.325592692610193968e+00 -1.698660212740084718e+00 -1.497916413530630264e-01 -1.632982810344453251e+00 -6.806804641074475359e-01
9.481089540496371315e-01 1.164029453390381219e+00 -6.240718100239368571e-01 1.418190647410989103e+00 4.524691782192685578e-03 -1.579318002184792735e-01
-6.840164650032979354e-01 9.903186021991544630e-01 -1.543680447351867935e+00 -1.157780255558524818e+00 1.211109167033405321e+00 -7.007808318381426593e-01
-1.496098380824758323e+00 -3.624925254726079071e-01 -1.233299585088198036e+00 -8.537836893695759377e-01 -6.849521512185003935e-01 1.745273952663063621e+00
8.029592635807625278e-02 -6.795172723817632932e-01 -9.743562752245593650e-01 1.498189743776501714e+00 1.555847588533752157e+00 5.336877731865055097e-01
2.116621186233126062e-01 7.862526838517726047e-01 -1.072298290528236331e+00 1.010195255946873427e+00 -1.632982810344453251e+00 8.873568732231493783e-01
-9.485899666223843174e-02 -6.910644851407976574e-01 1.638741608611568701e+00 -2.217908280820247435e-01 6.078169294077990781e-01 1.594208213178384348e+00
4.345865661037136563e-01 -1.103527818176622960e-01 -9.297302485348394319e-01 -7.497848640944093646e-01 -1.632982810344453251e+00 -1.505004195402292133e+00
1.119283083364944753e+00 1.745578923056373188e+00 -1.030779583556880263e+00 -1.053781430283358134e+00 9.070929715727939213e-02 5.973968972049051862e-01
8.923778421795368621e-01 -4.394583637392989600e-02 1.258086165372702681e+00 -1.093780978466114551e+00 1.211109167033405321e+00 1.445229017056755216e+00
-1.173654090719178367e+00 -5.245723872705149171e-01 -4.102987466876972800e-01 8.501970632158475372e-01 -1.202059783469020093e+00 9.467904960119882807e-02
8.883970484745297158e-01 -8.883614957863970873e-02 -9.672287508988212101e-01 1.218192906497207018e+00 -1.546798204969366486e+00 -6.207966695879696406e-01
1.346188324550352977e+00 1.393993277601429104e-01 -9.040641387707278875e-01 -1.417917317165115487e-01 9.525553509081458037e-01 1.484803789509234084e+00
-2.461291574525105996e-01 7.448670265146778435e-01 -1.396144204904815611e+00 8.021976053965402809e-01 1.038739956283232457e+00 -1.870738558557195341e-01
-1.225404408884271490e+00 -1.388504965568559069e+00 -6.935212835032962264e-01 -1.181779984468178668e+00 1.469662983158665392e+00 1.100184296254048677e+00
3.151627549534988249e-01 6.221482200586296862e-01 1.029074946581436834e+00 -1.437777092837819959e+00 3.492631132825395057e-01 -9.725878805978672714e-01
1.027724828149779945e+00 -1.635509445890291347e-01 1.276501862460631465e+00 -1.133780526648870968e+00 6.078169294077990781e-01 -1.651757745270000743e+00
1.063551971494844484e+00 8.762706773916680847e-01 5.734927205291463492e-01 1.426190557047540608e+00 1.124924561658318556e+00 1.122718964574964451e+00
-1.068013777772599121e-01 9.525632656811032772e-01 1.500088438353736509e+00 3.942022139324246055e-01 -4.263983350932402661e-01 1.168762021452893318e+00
1.043648002969808530e+00 1.562722455955632972e+00 1.561128837567016481e+00 -1.277778900106794069e+00 7.801861401579723854e-01 1.122755652962401929e-01
-1.336866632624472029e+00 -1.312271265271619247e-01 1.273815874229504264e+00 -1.229779442287486591e+00 -1.678445189679804161e-01 -6.139110764899119443e-01
-1.066172660683985196e+00 1.355668504318730427e+00 -1.413524128753290476e+00 5.142008584806935234e-01 -1.632982810344453251e+00 3.138723425541074807e-02
-7.636323391034411934e-01 -1.437067487909455155e+00 1.203014628895263005e+00 -4.537882075420117123e-01 1.555847588533752157e+00 -1.223112187054499200e+00
-1.392597744494572298e+00 -1.714912695517703867e+00 5.589743396981478041e-01 -7.097853159116528365e-01 3.492631132825395057e-01 1.681286622862922853e+00
3.151627549534988249e-01 -1.465774947924659788e+00 -1.354028611659875203e+00 1.226192816133758523e+00 1.211109167033405321e+00 -1.351086846654780738e+00
-6.123621783131690810e-01 1.601552925947015815e+00 1.220412108222372227e+00 4.182019428420785112e-01 1.038739956283232457e+00 1.195400225054471965e+00
1.664651820950925343e+00 -7.827998996835482393e-01 6.882879953222534875e-01 -1.317778448289550708e+00 -4.263983350932402661e-01 -1.653983391523921265e+00
-1.360751394854515128e+00 2.571753127933391059e-01 -1.091556650590637334e+00 -1.565775647022640271e+00 -5.125829404683269752e-01 9.083614097444970836e-01
-5.446886853280474838e-01 -2.256573561394333016e-01 -8.736756052538494632e-01 1.226192816133758523e+00 3.492631132825395057e-01 6.790174310874971808e-02
1.201038634081478679e-01 -2.372464572156104956e-01 1.617183480848005894e+00 -1.109780797739217117e+00 -1.202059783469020093e+00 -7.548918563865230080e-01
1.202879751170095046e+00 6.580046195328739245e-01 -1.549649310087707565e+00 9.061964306717068540e-01 -1.374428994219193179e+00 4.734562214398533309e-01
2.554508493783913536e-01 1.694991798720240750e+00 -1.131038922040354056e+00 2.902033886572580879e-01 -1.632982810344453251e+00 -1.318745424527534071e+00
-6.800356712982907892e-01 -2.206586836270580942e-01 1.143097780314612066e+00 -7.497848640944093646e-01 1.555847588533752157e+00 -1.599176852521192238e+00
-9.547104369437847682e-01 1.561437880896586305e+00 -6.758604719966643248e-01 7.621980572137834198e-01 1.383478377783578850e+00 -1.117672195775141208e+00
1.382015467895417293e+00 9.052992811716341626e-01 1.343651568238829253e+00 -3.977888400861526730e-01 -1.632982810344453251e+00 -6.051475943651078993e-01
9.839360973947015587e-01 -1.036224218397539643e+00 4.915437462617926467e-01 -1.261779080833691724e+00 1.555847588533752157e+00 6.632621160317881959e-01
-1.583675842334915762e+00 -9.140918483814910456e-01 -1.419001438087355016e+00 -9.417826953716400551e-01 9.525553509081458037e-01 -1.406449797220987952e+00
8.825751376809057303e-02 1.481919892187155030e+00 -1.122647403252908571e+00 7.141985993944761635e-01 1.555847588533752157e+00 3.605046740535182703e-01
-1.042287898453942319e+00 5.096222374406651490e-01 -1.060097232877034390e+00 4.502015813882833117e-01 -1.460613599594279721e+00 1.666750370767021483e+00
-1.289097108164386052e+00 -1.484990759623799061e-01 1.709525298467174714e+00 9.861955270372194660e-01 1.469662983158665392e+00 -1.177310647570889574e-01
6.835354524305477242e-02 -1.428033574178989351e+00 -1.167097875156280384e+00 6.581992319386169576e-01 1.297293772408492085e+00 1.313220373621251991e+00
2.854560819298314692e-02 -9.997115686213915442e-01 -1.691093801448475986e+00 -1.317778448289550708e+00 -5.987675458434136289e-01 -1.171226808760039484e+00
-1.476194412299722591e+00 -1.216972306868758347e+00 -1.047176400601804946e+00 4.422016717517324169e-01 1.297293772408492085e+00 7.535398922063332172e-01
1.007820859624744658e+00 -1.396589410777121065e+00 1.501089100635921714e+00 -5.497871231806272796e-01 -8.165991359289372087e-02 -9.312743220095166530e-01
4.704137094487781390e-01 7.725691669184548971e-01 1.256629060646011764e+00 1.578188840142014993e+00 1.211109167033405321e+00 -3.315650710820817332e-02
1.143167845594987631e+00 1.521197170894728279e+00 -1.598155097555723492e+00 7.461982379406810750e-01 -1.115875178093933329e+00 -1.138815835187359626e+00
1.473573723110582101e+00 2.068395183600643672e-01 -1.430535387550433635e+00 -1.053781430283358134e+00 -1.460613599594279721e+00 -4.426754178291041897e-01
-4.133224930628111582e-01 -7.219082493302855230e-01 4.617345435398636511e-01 1.546189201595809637e+00 -9.435059673437601324e-01 9.739484227896429980e-01
-2.501099511575177736e-01 -1.019482854312797171e+00 1.626347440695383506e+00 -1.445777002474371020e+00 1.728216799283925686e+00 9.144123854973356114e-01
1.139187051889980484e+00 1.120954300595193187e+00 1.690951602071532056e+00 9.941954366737709714e-01 -1.374428994219193179e+00 1.349039368020242158e+00
1.704459758000997027e+00 -9.391829503500332965e-01 1.271305440784724183e+00 -1.497916413530630264e-01 8.663707455330591500e-01 4.668488341235366157e-01
1.282495625270238193e+00 -4.246827136572972616e-01 -5.394192920468204866e-01 -5.977865809999347579e-01 -1.202059783469020093e+00 9.075963438447151033e-01
-1.585516959423530214e-01 1.203376545959859101e+00 -5.299568890626505935e-01 -1.341778177199204558e+00 1.297293772408492085e+00 -1.131512933416694011e+00
7.411076813892647497e-01 1.508225755352838870e+00 -2.721722407889103357e-01 1.378191099228232908e+00 1.728216799283925686e+00 -9.976959523998779611e-01
5.938183143039996725e-01 -1.060273592825465225e-02 1.300482646275799459e+00 1.542049248358861591e-01 1.469662983158665392e+00 -3.752800672026492257e-01
8.326659366044294464e-01 1.081216250399049228e+00 -1.254769935458586172e+00 -1.117780707375768623e+00 1.297293772408492085e+00 8.596753979400437728e-01
2.992395801334701844e-01 -8.996124534224602121e-01 5.087656708025538599e-01 1.578188840142014993e+00 1.768939025323660874e-01 -2.812465129746196668e-01
-1.579695048629908616e+00 5.211694501996992912e-01 -9.753033932969187858e-02 -6.377861291826913970e-01 5.216323240327123134e-01 8.434699111537038441e-01
-1.273173933344357467e+00 -1.056958935383229825e+00 4.747782641655369784e-01 -1.005781972464050433e+00 -1.678445189679804161e-01 -4.958822735868280707e-01
7.631513265306909266e-02 -3.765251117154486682e-01 2.389204087066905124e-01 1.506189653413053220e+00 -8.165991359289372087e-02 1.541975077656750237e+00
1.286476418975245339e+00 -8.711423605377313084e-01 -1.689145143320010867e+00 -1.573775556659191777e+00 1.642032193908838922e+00 -1.656556795005012184e+00
-9.785951991738277567e-01 -1.282555448742015436e+00 1.188426026149724812e+00 -1.389777635018512036e+00 9.525553509081458037e-01 1.627314701205412995e+00
-7.516899579884197546e-01 1.400070120490107595e+00 9.875746728626383364e-02 1.530189382322707070e+00 1.038739956283232457e+00 -5.262762552418952522e-01
-1.332885838919464883e+00 -2.116108071242115141e-01 7.848782387710495634e-01 1.194193177587553167e+00 -2.540291243430671253e-01 1.016861664622994876e+00
-1.273173933344357467e+00 1.520931878219490274e+00 1.058410151380225983e+00 7.701979668503349252e-01 2.630785079074527966e-01 5.432858726565288343e-01
1.079475146314873069e+00 -4.263303207982480636e-01 3.466232701313292086e-01 1.250192545043411929e+00 1.383478377783578850e+00 -1.685142439078770371e+00
-5.107026590715964959e-02 3.522059416179907920e-01 -1.225136287523005407e+00 1.490189834139950875e+00 -6.849521512185003935e-01 -1.052641594293477478e+00
1.553189597210724804e+00 1.532870048605190938e+00 -1.858335190889278538e-02 -1.381777725381960975e+00 -3.402137297181538345e-01 -1.429332222769081895e+00
1.473573723110582101e+00 3.305357188827779957e-01 5.014801471691024970e-01 4.022021235689760554e-01 -1.678445189679804161e-01 1.727468782631722322e+00
-1.512021555644786908e+00 -8.996403789672219320e-01 1.513149714458045469e+00 -2.979299680479354645e-02 1.124924561658318556e+00 -1.529903612867995033e+00
-1.133846153669106904e+00 -1.694541010613918042e+00 4.296255731167722969e-01 -1.589775375932294121e+00 -1.029690572718846786e+00 1.255598913743108669e-01
-1.253269964819321736e+00 3.395835953856245482e-01 -1.648433988365856528e+00 9.621957981275656158e-01 -1.029690572718846786e+00 -1.450823619408474485e+00
1.604939915375817927e+00 1.642882732194587359e+00 -1.002462596518910898e+00 2.342040212013987988e-01 -8.165991359289372087e-02 7.647376749213576907e-01
1.740286901346061565e+00 2.571613500209584680e-01 1.611320828757897561e-01 -1.557775737386089210e+00 -6.849521512185003935e-01 8.840879552877056735e-01
-2.262251889274747851e-01 6.730425253871421543e-01 -1.132600481864930175e-01 -9.497826050081915605e-01 5.216323240327123134e-01 1.177177746350519083e+00
-5.903185331717397677e-02 1.197316702746533235e+00 8.190587556730498653e-01 -1.581775466295743060e+00 -1.460613599594279721e+00 2.814246805939978335e-01
8.406275240144437388e-01 -1.952464378937543710e-01 7.305264769176376127e-01 1.490189834139950875e+00 1.038739956283232457e+00 1.700413270357532314e+00
5.540103772539280991e-01 -1.376776236768572748e+00 6.879544412281922705e-01 9.820555738002688384e-02 3.492631132825395057e-01 -1.303305003640979898e+00
-1.205500440359235759e+00 1.414870659213899984e+00 -1.220694751428394786e+00 -5.577870328171784520e-01 -5.987675458434136289e-01 -4.551946780073888865e-01
-1.687176478665102008e+00 -1.531986414555059017e+00 -1.305337613892359333e-02 -7.977843219137169539e-01 6.940015347828857317e-01 4.102339575394985394e-01
-1.109961391439063805e+00 -1.188181070219267887e+00 -1.276257841307609331e+00 7.861977861234373810e-01 -1.029690572718846786e+00 -1.892299506642028950e-01
7.233433894806193254e-02 -1.096389804586993533e+00 8.327169180509420565e-01 -1.397777544655063542e+00 1.297293772408492085e+00 1.045553548529631754e-01
1.385996261600424440e+00 -7.749528216054620833e-01 -1.519822551887143325e+00 2.182042019282963707e-01 1.211109167033405321e+00 -1.593404082550090806e+00
-1.559791080104872663e+00 -1.284624975957368576e-01 -1.670395892138019756e+00 6.501993223020654522e-01 -6.849521512185003935e-01 1.841917598759617858e-01
-1.579695048629908616e+00 -1.022889770773745655e+00 8.845406909809393481e-01 1.290192093226168790e+00 -1.460613599594279721e+00 -4.799549925822291230e-01
8.286851428994223001e-01 1.126986218263757777e+00 1.209966598434653262e+00 -2.777901955378834775e-01 4.524691782192685578e-03 1.438760732631308992e+00
-1.153750122194142635e+00 -7.683484302692793477e-01 -1.096085964078421737e+00 3.142031175669114385e-01 -9.435059673437601324e-01 1.285469346892713194e+00
-9.865567865838420492e-01 6.549328096090679674e-01 -6.705587174489479052e-01 -1.333778267562653053e+00 -1.115875178093933329e+00 1.720202569248474866e-01
3.669130731185918926e-01 -1.284663827371536726e+00 -3.083014158193763676e-01 1.090194352312386483e+00 -1.546798204969366486e+00 1.287138581583151531e+00
1.600959121670810781e+00 9.984868240420021746e-01 7.212580619723747699e-02 1.194193177587553167e+00 3.492631132825395057e-01 -1.900645680094221468e-01
1.636786265015875319e+00 -1.169652471269765570e+00 -5.130676408420285772e-02 -1.493776460293678943e+00 8.663707455330591500e-01 -2.571450244667222024e-02
6.614918072891214917e-01 1.433161891032926460e+00 1.150067305332636680e+00 -1.157780255558524818e+00 4.524691782192685578e-03 -7.711302062308705851e-02
-1.412501713019608029e+00 9.291895847154161281e-01 4.685285137715396453e-01 -8.537836893695759377e-01 8.663707455330591500e-01 -1.970197125529132010e-01
-3.655529686027252367e-01 -1.420340086597093432e+00 -1.700695770487799519e-01 2.620637065106518754e-02 3.492631132825395057e-01 -1.242934349003457228e+00
-8.689740925222411150e-02 9.058996803840144718e-01 2.673427286164688499e-01 1.458190195593745520e+00 -1.115875178093933329e+00 -1.400607475804453328e+00
-4.809959860479329219e-01 9.843255359447583563e-02 1.642814479654847171e+00 2.902033886572580879e-01 5.216323240327123134e-01 -5.779529792000510646e-01
-1.217442821474257197e+00 -8.207227894701709658e-01 -1.047509954695866607e+00 1.298192002862719630e+00 4.354477186576262149e-01 3.883252522274943663e-01
1.696498170590982735e+00 1.364392200153841939e-01 1.118133889695893446e+00 -4.137886593592553508e-01 1.038739956283232457e+00 1.203746398506664317e+00
1.015782447034758951e+00 -5.631685270343967514e-02 1.387452487432712545e+00 1.330191641408924985e+00 1.124924561658318556e+00 -1.009589249569251113e+00
-7.477091642834126084e-01 1.454622672182424914e+00 1.082496268067203227e+00 -8.579236426065282861e-02 1.383478377783578850e+00 1.086955785210399344e-02
2.912779927234558364e-01 1.193767121658800834e-01 9.513041762291710723e-01 1.522189472686155565e+00 8.663707455330591500e-01 1.342292877813054952e+00
1.007820859624744658e+00 -1.361780219231447431e+00 3.151111859818221950e-01 -1.737913702627169321e-01 -1.632982810344453251e+00 -1.961155437622606745e-01
-5.725542412630976186e-01 -1.350358671423841361e+00 -4.166880631368493487e-02 -1.453776912110922526e+00 7.801861401579723854e-01 -1.267625112132860332e+00
4.027402164636563753e-01 1.766481193310633913e+00 6.658345381483149472e-01 9.020564774347594739e-02 -8.573213619686734788e-01 -1.068568875298076426e+00
-4.013801119477896640e-01 -1.343558801274325587e+00 -1.651137532075619196e+00 -2.057910088089217604e-01 -1.374428994219193179e+00 3.594614023719951978e-01
-1.006460755108877780e+00 -1.236478299884926191e+00 1.133424711586824785e+00 1.346191460682027330e+00 -9.435059673437601324e-01 1.395012873452734059e+00
-1.983596329924246504e-01 -4.575231542972592047e-01 -1.006869021656251029e+00 -1.429777183201268675e+00 -4.263983350932402661e-01 -1.395599771733137873e+00
-2.700139196825535604e-01 1.041757455650523134e+00 -8.426550745061174297e-01 1.370191189591681402e+00 -3.402137297181538345e-01 2.514480076115422347e-01
1.692517376885975589e+00 1.562803195686943702e-01 1.074825401677710901e-01 2.582037501110526767e-01 1.124924561658318556e+00 -5.730843780196062109e-01
3.708938668235990943e-01 5.381761069596794345e-01 -1.484869593925210784e+00 2.022043826551934154e-01 -1.460613599594279721e+00 -3.976756326326982838e-01
-8.551905943186056680e-01 1.189204331993209074e+00 3.914248516073972617e-01 2.422039308379502764e-01 -1.374428994219193179e+00 -1.106752618841853941e+00
-5.765350349681047648e-01 -1.885163816061431463e-01 -1.134901127340015137e+00 -9.337827857350888827e-01 -1.115875178093933329e+00 8.560587227774257846e-01
-7.198436083483624737e-01 -5.675637634314171232e-01 1.366227913763211621e+00 1.266192364316514718e+00 1.768939025323660874e-01 -8.242346474851535154e-01
4.465289472187351505e-01 3.224233481294538350e-01 1.002337952620601991e+00 1.142053766531292980e-01 1.642032193908838922e+00 -1.296419410542922313e+00
-1.631445366795001739e+00 -1.213146507236381844e+00 1.078511174417098761e+00 8.741967921255014984e-01 -1.288244388844106636e+00 1.098793267345347324e+00
1.186956576350066461e+00 1.343520892347315865e+00 -1.689759585072229564e+00 5.302006777537965343e-01 9.070929715727939213e-02 7.554177812330754582e-01
1.175014195235045023e+00 -3.041141741479135852e-01 -1.441806004833990018e+00 -8.697835086426786155e-01 1.728216799283925686e+00 2.753041533957260034e-01
-6.561509090682478007e-01 1.718253777506880242e+00 -1.455007724767376942e+00 9.541958884910146654e-01 1.038739956283232457e+00 2.471358179945755129e-01
6.296454576490642108e-01 1.429154575359597112e+00 -1.715390583879071063e+00 -1.077781159193011984e+00 5.216323240327123134e-01 -1.105709347160330758e+00
5.022600590888354199e-01 -3.306992927612160127e-01 7.482934990700014499e-02 -1.093780978466114551e+00 -5.987675458434136289e-01 6.857967843527078555e-01
-1.028205840722527520e-01 3.063382343466155566e-01 9.449842039206345357e-01 1.546189201595809637e+00 1.038739956283232457e+00 -3.293065617701574910e-01
1.350169118255360123e+00 -1.336605340628619354e+00 -2.742613427464542508e-01 -4.137886593592553508e-01 6.940015347828857317e-01 -1.557237330923926244e+00
1.055590384084829969e+00 -6.030152425066143129e-01 1.654014875023864795e+00 2.182042019282963707e-01 -4.263983350932402661e-01 8.434699111537038441e-01
-1.579695048629908616e+00 -4.817206388334216438e-01 -3.041758783401927180e-01 -1.897911895358193601e-01 6.940015347828857317e-01 9.805558101059597131e-01
1.600959121670810781e+00 1.356003610855873065e+00 8.340160234699190989e-01 7.420582847037297813e-02 -1.202059783469020093e+00 -1.090894889282692182e+00
-1.209481234064242905e+00 -3.129556459680204322e-02 1.064396569594700637e+00 5.462004970268988790e-01 -2.540291243430671253e-01 -1.430862354568649852e+00
-1.392597744494572298e+00 3.058774628580444577e-01 -1.357135053604315300e-01 -1.053781430283358134e+00 1.297293772408492085e+00 1.596016550759693287e+00
1.559310067532123367e-01 -1.199476953075445218e+00 -1.129318485134141570e+00 -6.377861291826913970e-01 5.216323240327123134e-01 1.350884393988968923e-01
1.537266422390696219e+00 3.380895787408644271e-01 1.823215455880209668e-01 1.242192635406860868e+00 1.728216799283925686e+00 4.105817147666728784e-01
-1.504059968234772615e+00 -1.033752807686113995e+00 1.673150346735821303e+00 -1.213779623014383802e+00 1.642032193908838922e+00 -1.425854650497334397e+00
-4.770151923429257756e-01 5.160311499635148458e-01 -1.483043824147189271e+00 -5.177874846344219240e-01 -1.460613599594279721e+00 -4.060218060848907462e-01
1.226764513400137924e+00 1.402415866250104282e+00 1.049790411370528087e+00 -1.373777815745409692e+00 -2.540291243430671253e-01 1.116250680149518226e+00
-1.147629651872742462e-01 1.715921994519264304e+00 -1.362455241404590289e+00 -2.179308716824206529e-02 4.524691782192685578e-03 -8.918386524479083866e-01
8.127619680793936041e-01 4.368063794740830175e-01 7.413757627139581086e-01 -1.445777002474371020e+00 6.078169294077990781e-01 -2.174678375107866879e-01
-1.253269964819321736e+00 1.270258225664543605e+00 -5.880304123866453292e-01 2.102042922917448931e-01 1.297293772408492085e+00 6.997070734396939606e-01
-4.708947220215248947e-02 -1.183475615926892432e+00 -6.151185159201767449e-01 1.522189472686155565e+00 -3.402137297181538345e-01 -9.088092051340342925e-01
-4.372072552928541467e-01 8.340193281669551206e-01 -7.833000012417810076e-01 1.322191731772373480e+00 1.469662983158665392e+00 1.256118636919169029e+00
9.799553036896944125e-01 -3.514060842021444198e-01 -4.791855670768181696e-02 -1.557775737386089210e+00 -8.573213619686734788e-01 -1.251141419564779200e+00
-9.586912306487919144e-01 -6.783723250465266696e-01 -1.308630143910223032e+00 -1.141780436285422473e+00 4.354477186576262149e-01 1.292354939990770779e+00
-4.929383671629544161e-01 -1.738900738468152296e+00 -1.468630776187999532e+00 -8.297839604599220875e-01 -3.402137297181538345e-01 -6.975119139027029513e-01
-2.779755070925679084e-01 1.190726274182730915e+00 -4.756402381665084667e-01 4.182019428420785112e-01 -1.632982810344453251e+00 -1.680065183562021724e+00
-2.182636015174604649e-01 -3.898595593392424896e-01 1.213863914691583501e+00 1.302051959262322534e-01 -5.987675458434136289e-01 8.183618393516931544e-01
-1.002479961403870634e+00 -8.515665536596588314e-01 -1.101440385062042449e+00 -8.137841411868196317e-01 -8.573213619686734788e-01 -1.324239988716894301e+00
-1.734946003125187763e+00 7.498905876688437278e-02 -1.352290619275027916e+00 -1.117780707375768623e+00 -9.435059673437601324e-01 4.939738978431600924e-01
8.008195869643721654e-01 1.533760629134596765e-01 1.195325329253210667e+00 1.002195346310322366e+00 3.492631132825395057e-01 1.136559702216517254e+00
1.346188324550352977e+00 -1.191113252419264468e+00 1.373372993567585132e+00 -1.333778267562653053e+00 3.492631132825395057e-01 -4.853800053261522196e-01
2.236044997383340727e-01 -4.461155692620346613e-01 1.224537645701555988e+00 6.021998644827581959e-01 1.038739956283232457e+00 -8.348064671912626133e-01
-6.243045594281905197e-01 -1.561224459920739438e+00 1.664865038594108837e-01 5.622003163000013348e-01 1.642032193908838922e+00 -7.377126493640931981e-01
-1.715042034600152032e+00 -9.120982088339908700e-02 6.414850892818154682e-01 5.020609956071908631e-02 -1.029690572718846786e+00 -8.148452023514379805e-01
8.724738736545010198e-01 -6.425997022065682573e-01 -1.109445683319521869e+00 1.146193719768245245e+00 -1.029690572718846786e+00 1.289225124946197676e+00
6.813957758141572230e-01 2.115449726524397112e-01 -1.512940804262292716e+00 2.102042922917448931e-01 6.078169294077990781e-01 -1.542422873046283671e+00
7.928579995543577619e-01 -1.150118552708836006e+00 -2.728744599343035926e-01 -1.053781430283358134e+00 -4.263983350932402661e-01 -7.859813524959388120e-01
-8.671329754336272178e-01 1.511699448772719501e-01 -1.197152854579097037e+00 9.941954366737709714e-01 4.524691782192685578e-03 6.533858107800278869e-01
-1.137826947374114051e+00 9.986543773105733823e-01 7.114085606843154608e-01 1.402190828137886758e+00 -1.460613599594279721e+00 -7.401469499543176234e-01
-1.466093148273315272e-01 1.910476227972255636e-01 -7.585292208880457521e-01 -1.077781159193011984e+00 1.383478377783578850e+00 5.339659789682466018e-01
5.699335520739566840e-01 3.618542173332177092e-01 -7.041950145132687133e-01 -8.617835990061274432e-01 1.383478377783578850e+00 5.355656622132517475e-01
9.958784785097231085e-01 7.033277786813924015e-01 1.645131802834643775e+00 -8.057842315502684594e-01 -8.573213619686734788e-01 4.056435621407907255e-01
-6.301264702218113689e-02 -7.456868506950198316e-01 -1.248466640854761084e-01 -1.453776912110922526e+00 8.663707455330591500e-01 1.558458770224831369e+00
8.684930799494938736e-01 -5.978629794980487855e-01 1.329449186023258012e+00 -1.577915509896139767e-01 1.297293772408492085e+00 -6.511210997975995785e-01
-1.523963936759808568e+00 3.998608837541260952e-01 -1.533568491658209743e+00 -2.457905569916780941e-01 -1.202059783469020093e+00 2.399024676693433666e-01
-7.357667831683910586e-01 -1.635408669580653340e+00 1.686211622840130264e+00 -1.309778538652999202e+00 6.940015347828857317e-01 9.933532760659894434e-01
-9.865567865838420492e-01 -7.070937478341123850e-01 -1.216586769427846715e+00 1.026195075219976438e+00 9.525553509081458037e-01 -1.454788051798266979e+00
8.127619680793936041e-01 1.558659289192780628e+00 -1.139237330562816508e+00 -1.197779803741281235e+00 -5.987675458434136289e-01 -1.625550586751946941e-02
-1.424444094134629468e+00 -1.653853491895870054e+00 -1.608705062441326827e-01 3.382028464765653442e-01 1.555847588533752157e+00 1.091073056902070348e+00
-1.157730915899149782e+00 1.624633388692703573e+00 -4.578389828307978249e-01 8.341972439427451924e-01 5.216323240327123134e-01 1.225794206709539091e+00
-1.324924251509450590e+00 8.061496344946064152e-01 -9.542201412304170960e-01 -1.017921835337552428e-01 -3.402137297181538345e-01 -8.862049853676774447e-01
9.162626044095798505e-01 6.275099246529093344e-01 -7.594772167343262215e-01 5.062009488441425731e-01 1.211109167033405321e+00 1.575429322910953278e+00
-3.376874126676753241e-01 -1.386689805159037281e+00 -1.375217196598184366e-01 -1.077781159193011984e+00 -1.029690572718846786e+00 8.868004616596673051e-01
1.143167845594987631e+00 1.937284750943653877e-01 4.724969297169331200e-02 -5.379272571444744522e-02 -8.165991359289372087e-02 -9.165989670227446817e-01
-3.376874126676753241e-01 1.400223710986297387e+00 3.662862839762560246e-02 -5.897866713633835856e-01 -6.849521512185003935e-01 8.169012589975584993e-01
-1.205500440359235759e+00 -1.642711199535882960e+00 2.728727043864380697e-01 7.301984186675786193e-01 6.078169294077990781e-01 -3.714547377037313303e-01
8.048003806693793116e-01 -4.520497475239322882e-01 -8.549087985932239953e-01 -8.457837797330247653e-01 1.297293772408492085e+00 1.284426075211190010e+00
-3.774953497177467310e-01 7.808351281679692946e-01 -1.204753499054052740e-01 -1.517776189203332793e+00 4.354477186576262149e-01 3.779620868576890613e-01
1.533285628685689073e+00 2.205928491552866799e-01 9.672621063082249560e-01 1.362191279955129897e+00 1.768939025323660874e-01 -8.789716350424453539e-01
-1.249289171114314589e+00 -8.180140116282692553e-01 -1.156231033881325088e+00 -5.577870328171784520e-01 -1.678445189679804161e-01 1.597096510828626414e-01
1.135206258184973338e+00 -1.099447651738418630e+00 3.567176703463522114e-01 -8.697835086426786155e-01 -1.029690572718846786e+00 1.333668498579121398e+00
-1.277154727049364613e+00 7.247606342861294682e-01 1.497560449430322960e+00 -6.377861291826913970e-01 -1.546798204969366486e+00 1.677252639027697168e+00
1.513381660160653785e+00 5.606840960377488248e-01 1.120837433405657002e+00 -6.617858580923452472e-01 -1.288244388844106636e+00 1.166258169417235591e+00
-1.627464573089994371e+00 -5.674799867971315193e-01 -1.074194282220797270e+00 -1.533776008476435138e+00 -1.632982810344453251e+00 1.402941738232314828e+00
-2.660331259775464141e-01 -1.204210332912582615e+00 2.814397779602316740e-01 8.101975150330912312e-01 1.211109167033405321e+00 -1.569130628093299507e+00
-9.883979036724559186e-02 -4.927931173315041047e-01 1.239863578549756262e+00 1.354191370318578835e+00 -1.029690572718846786e+00 4.372199183682514700e-01
1.230745307105145070e+00 -5.159433939390960511e-01 9.038868284365143557e-01 1.570188930505463487e+00 -6.849521512185003935e-01 -9.631288840187145484e-01
4.107018038736707233e-01 -7.559944136151251770e-02 1.364753253557886348e+00 1.142053766531292980e-01 3.492631132825395057e-01 1.196234842399691134e+00
1.075494352609865922e+00 3.100802573447064558e-01 -1.304434384516500511e+00 1.410190737774437597e+00 -8.165991359289372087e-02 8.409660591180461164e-01
-4.332264615878470004e-01 1.269364608232163460e+00 -2.289155414327065652e-01 -1.477776641020576154e+00 -5.125829404683269752e-01 -8.309811376923408321e-01
-7.795555139234698894e-01 5.119121321111385070e-01 3.619140920222601587e-01 2.902033886572580879e-01 9.070929715727939213e-02 1.505947428921456277e+00
1.360270382281765222e-01 1.703886084726897066e+00 -4.972334768873405419e-01 -3.337895629937421837e-01 -1.288244388844106636e+00 4.073823482766664728e-01
2.355468808533555669e-01 1.607654657477485038e+00 9.791120543867306569e-01 1.338191551045476491e+00 -1.115875178093933329e+00 -5.090970482194654423e-01
1.091417527429894507e+00 -8.530466075320380925e-01 1.902566219309609064e-01 -7.497848640944093646e-01 1.124924561658318556e+00 -1.502639446257501010e+00
1.433765786060510417e+00 -2.491985903736917696e-01 1.299692649737233197e+00 1.266192364316514718e+00 1.211109167033405321e+00 7.048538804018799064e-01
-9.228640873037274872e-01 4.448768619102641542e-01 6.860057830997265960e-01 4.022021235689760554e-01 1.555847588533752157e+00 4.404559732456993920e-02
-8.472290069085913755e-01 2.117349710778213337e-03 -1.225224064916179412e+00 3.462027561131167941e-01 1.642032193908838922e+00 -4.512302456176004450e-01
7.631513265306909266e-02 1.436917876803397442e+00 1.268198121066359985e+00 -2.979299680479354645e-02 -1.460613599594279721e+00 -2.013319021698799782e-01
1.517362453865660932e+00 3.106806565570868206e-01 -1.593450229281590858e+00 -2.137909184454732381e-01 -8.573213619686734788e-01 1.977542917357735242e-01
-1.078115041799006857e+00 1.299957042518794958e+00 1.166692343599813997e+00 1.462050151993346814e-01 -7.711367565935867141e-01 1.024095014948227078e+00
-2.978794756176036951e-01 -4.482658362086987536e-01 1.401006194712717257e-01 6.620591883382204168e-02 -1.288244388844106636e+00 -8.005871560372735951e-01
2.713740241984200496e-01 -1.167823348087863033e+00 7.344413486532033186e-01 -3.417894726302936892e-01 -1.460613599594279721e+00 1.008691282449118432e-01
1.596978327965803635e+00 -3.971341637497104449e-01 -4.422672732817098384e-01 1.702047441089885871e-01 -4.263983350932402661e-01 6.331134771004584549e-02
-3.116629738212384204e-02 7.566795319489495464e-01 -1.583724494117898951e+00 9.861955270372194660e-01 2.630785079074527966e-01 1.318228077692567446e+00
-1.125884566259092390e+00 3.793635338989115313e-01 -7.943775082603542481e-01 3.702024850227706998e-01 -1.374428994219193179e+00 -1.700374205629020530e+00
1.139187051889980484e+00 4.673150371264285785e-01 -9.630505469837332688e-01 6.981987801213732636e-01 -9.435059673437601324e-01 -1.424046312916025459e+00
-2.103020141074461169e-01 -1.012878462976614324e+00 -1.105372812276242955e+00 1.106194171585489050e+00 1.211109167033405321e+00 1.183089619212487120e+00
-2.103020141074461169e-01 1.547447182970888235e+00 3.910386310774313090e-01 3.062032079303604881e-01 -9.435059673437601324e-01 -1.570382554111130258e+00
-1.432405681544643761e+00 -6.420132657665688081e-01 1.396844668502343234e+00 -6.537859484557938528e-01 -9.435059673437601324e-01 -1.373445723697392373e-01
2.196237060333269264e-01 -7.209168924912391363e-01 -1.624979868909733005e+00 -1.737913702627169321e-01 5.216323240327123134e-01 -7.954732121331149763e-02
-7.039204335283337777e-01 -1.090148445332715044e+00 -5.174398327960219035e-01 4.982010392075911231e-01 -1.202059783469020093e+00 -1.505282401184029117e+00
-2.222443952224676111e-01 3.685144597589243287e-01 6.444695206497357276e-01 -9.977820628274990389e-01 -9.435059673437601324e-01 -7.239414631679776946e-01
1.453669754585546148e+00 1.375886598726325794e+00 6.279322597757323043e-01 9.941954366737709714e-01 -1.115875178093933329e+00 1.071389997843982922e+00
1.393957849010438732e+00 4.097186010550668556e-01 1.648449788296625806e+00 -1.573775556659191777e+00 1.297293772408492085e+00 -1.249541736319778051e+00
3.032203738384773306e-01 2.412437895066910643e-01 9.462130874250730406e-01 9.301961595813607042e-01 -1.029690572718846786e+00 -1.281118092547234744e+00
1.023744034444772799e+00 2.273229054428979046e-01 1.043698660284244850e+00 1.354191370318578835e+00 1.768939025323660874e-01 -6.271587141805608223e-02
-1.205500440359235759e+00 3.478914449522815810e-01 7.665854300335639415e-01 -1.461776821747473809e+00 -9.435059673437601324e-01 1.334711770260644581e+00
1.676594202065946781e+00 1.028032050400063291e+00 4.636656461896939141e-01 -4.537882075420117123e-01 1.383478377783578850e+00 1.146922867586322559e+00
1.559310067532123367e-01 6.923530395899766265e-01 1.603279541769226713e+00 -4.857878460882167904e-01 4.524691782192685578e-03 -5.438727709369326480e-01
-7.954786887434984743e-01 -1.237162475731591993e+00 8.087361342357740623e-01 7.861977861234373810e-01 5.216323240327123134e-01 6.233395863521390412e-01
-1.607560604564958640e+00 -1.268048128238222771e+00 1.081197162648226184e+00 3.622025753862191944e-01 -1.115875178093933329e+00 -1.191466279381605320e+00
7.331460939792503462e-01 1.465709113452888124e+00 -5.310102177807399793e-01 6.421994126655145019e-01 1.469662983158665392e+00 1.552825103144600538e+00
1.127244670774959046e+00 -7.923225104473466951e-01 -1.374129634696747759e+00 1.562189020868912426e+00 -8.165991359289372087e-02 -1.355677242053484610e+00
-1.201519646654228612e+00 6.895185967966469542e-01 3.238020256799811758e-02 6.501993223020654522e-01 -1.632982810344453251e+00 1.599841880258615179e+00
9.640321288696657165e-01 8.134800899945979769e-01 -1.167659650472594901e+00 -7.779245462410133705e-02 1.768939025323660874e-01 -4.291128859692884823e-01
-7.079012272333409239e-01 1.725849525682110031e+00 1.420930785189320700e+00 7.301984186675786193e-01 3.492631132825395057e-01 -2.073828779227185060e-01
-4.372072552928541467e-01 1.022111834910546246e+00 -5.773215704194031295e-01 -3.577892919033963670e-01 -4.263983350932402661e-01 1.369696147314419576e+00
3.907978353486348810e-01 4.312601219358789401e-02 -1.582671165399809565e+00 -6.179263535099892291e-02 1.383478377783578850e+00 1.083631052240534354e+00
1.389977055305431586e+00 1.267298117919785305e+00 3.856490991365408849e-01 -6.617858580923452472e-01 8.663707455330591500e-01 -2.334646699608188825e-01
1.151129433005001923e+00 5.031295482835297372e-01 -1.130722923424927195e+00 -3.417894726302936892e-01 -4.263983350932402661e-01 1.018670002204303815e+00
1.254630069335188169e+00 -1.166413108077388516e+00 1.769144581684956308e-01 -1.205779713377832740e+00 7.801861401579723854e-01 4.863232388453163635e-01
-5.566310664430690336e-01 -1.469279603792274846e+00 1.550754427467758712e-01 -3.097898340840888332e-01 3.492631132825395057e-01 1.224124972019100532e+00
-4.690536049329114276e-01 -4.210663556106349903e-01 1.683420301737193370e+00 -3.017899244475373832e-01 1.383478377783578850e+00 -1.045477795413678690e+00
1.557170390915731950e+00 8.042506974507991346e-01 6.092883414655501095e-01 8.421971535792966979e-01 5.216323240327123134e-01 -1.233336249533437901e+00
-9.905375802888491954e-01 1.546316198408032916e+00 8.920728690891994994e-02 -1.045781520646806850e+00 -2.540291243430671253e-01 -5.049239614933691556e-01
-6.800356712982907892e-01 3.740127551740411727e-02 1.959621524872786624e-01 -9.737823339178454107e-01 6.940015347828857317e-01 1.319688658046698215e+00
-7.835363076284770356e-01 6.067472821224569879e-01 -1.288353566087002688e+00 7.861977861234373810e-01 -1.374428994219193179e+00 -8.511510568684731437e-01
8.825751376809057303e-02 -5.697140303780812154e-01 -6.390466332994404475e-01 -1.285778809743345574e+00 1.768939025323660874e-01 -8.833533761048454336e-01
-1.420463300429622322e+00 -6.923769857446055997e-01 -8.615798804744565498e-01 1.862045633820909873e-01 -8.573213619686734788e-01 -6.751163484726537822e-01
-1.078115041799006857e+00 -1.253875914271572523e+00 -8.927838659739957550e-03 8.101975150330912312e-01 -2.540291243430671253e-01 1.440429967321747551e+00
-1.460271237479693784e+00 -1.241532823486825032e+00 8.689163149959471255e-01 6.501993223020654522e-01 1.297293772408492085e+00 8.313350965899993228e-02
1.310361181205288439e+00 -4.881016258115093431e-01 1.197695318868911674e+00 -4.777879364516655625e-01 -1.460613599594279721e+00 3.289978692714947139e-01
1.127244670774959046e+00 1.538357418150899436e+00 -2.923434857403219289e-01 1.782046537455400648e-01 2.630785079074527966e-01 -9.175726872588344518e-01
-5.446886853280474838e-01 -1.201836661607823320e+00 1.024405189264573579e+00 -1.117780707375768623e+00 -2.540291243430671253e-01 -6.095988868729451671e-01
9.003394295895511545e-01 -2.054951128213616252e-01 -8.482728276692605984e-01 7.461982379406810750e-01 1.124924561658318556e+00 2.047094362792685474e-01
3.907978353486348810e-01 -3.591973111907066918e-01 1.374619432550657105e+00 -9.177829664619864269e-01 -1.546798204969366486e+00 -1.389618347425732647e+00
-1.281135520754371759e+00 1.932956291505562862e-01 -1.181458256679565721e+00 1.258192454679963213e+00 4.524691782192685578e-03 -1.994173247557080170e-02
-7.079012272333409239e-01 -1.617494432615912192e+00 -2.902543837827780138e-01 -9.177829664619864269e-01 -8.573213619686734788e-01 -1.272424161867867998e+00
-5.964390034931403850e-01 8.355691959012389036e-01 5.051492422037805463e-01 1.066194623402732633e+00 7.801861401579723854e-01 -4.678530410765480707e-01
1.282495625270238193e+00 -1.327306134222915768e+00 9.771458407796310697e-01 -2.857901051744349274e-01 -1.546798204969366486e+00 -9.186159589403575243e-01
1.063551971494844484e+00 -3.562930545354719980e-01 -1.200558617434253073e+00 8.741967921255014984e-01 -1.288244388844106636e+00 -1.037201173406919530e+00
-9.149024998937130837e-01 -3.453462409888181650e-01 -2.135369421486015828e-01 -9.737823339178454107e-01 -1.546798204969366486e+00 -1.387601355508119694e+00
-1.336866632624472029e+00 1.168232247877042829e+00 9.867662430715140598e-01 4.262018524786294615e-01 -8.573213619686734788e-01 8.580757146950425129e-01
-9.427680558287632184e-01 -2.972026018193501540e-01 2.597938728034948630e-01 -5.897866713633835856e-01 1.469662983158665392e+00 4.131551182477639084e-01
-5.327463042130260451e-01 1.649724490661246268e+00 -1.102739490481019491e+00 1.042194894493078783e+00 -5.125829404683269752e-01 -9.234478717333727271e-02
1.599118004582194830e-01 5.224400624863646536e-01 -9.710734007198472684e-01 -1.577915509896139767e-01 -1.632982810344453251e+00 7.721796795828976823e-01
-2.779755070925679084e-01 -1.084535410835578695e+00 1.424986100753964591e+00 4.582014910248348172e-01 -5.987675458434136289e-01 -1.595314834634844747e-01
-3.138026504376323356e-01 2.937298508866302837e-01 -1.031253581480020332e+00 -5.657869424537297354e-01 -5.125829404683269752e-01 -1.443798923419546298e+00
1.764171663576104443e+00 1.628652677445495064e-03 -4.965488132205826965e-01 -7.737845930040633258e-01 1.038739956283232457e+00 2.442146572863101162e-01
8.883970484745297158e-01 -5.868463520894899865e-01 -1.609689047018802111e+00 -8.217840508233708041e-01 -1.288244388844106636e+00 6.850317184529218784e-01
-8.114018635635271703e-01 -5.189314272286164043e-01 -7.055994528040542280e-01 -9.257828760985375993e-01 2.630785079074527966e-01 1.676904881800522773e+00
-1.440367268954658053e+00 1.766380417000992797e-01 7.136907729068423523e-01 -2.979299680479354645e-02 1.297293772408492085e+00 -5.936716058683462194e-01
4.266249786936993638e-01 1.557218086734570295e-01 6.083052346620003714e-01 1.578188840142014993e+00 -8.165991359289372087e-02 6.343287147308557250e-01
-1.301039489279407713e+00 -1.590029659342610868e+00 1.202716185758471168e+00 7.781978764868864307e-01 -1.202059783469020093e+00 -2.894535835359415277e-01
1.521343247570667634e+00 1.383189128681555635e+00 -2.772633295930093111e-01 -5.793267895139647683e-03 -1.115875178093933329e+00 3.488200312204527975e-01
3.650719560299747063e-02 8.810738710907101146e-01 2.313013309791773775e-01 4.502015813882833117e-01 1.469662983158665392e+00 -1.043739009277806939e+00
6.734341884041429305e-01 1.133772125640892581e+00 1.285718488743914145e+00 3.942022139324246055e-01 8.663707455330591500e-01 -1.307408538921642993e+00
7.888772058493506156e-01 1.435256306890066558e+00 -3.727475778878112656e-01 -9.577825146447427329e-01 1.038739956283232457e+00 4.799940573107367436e-01
1.678733878682338032e-01 -9.011204328396013041e-01 -4.649138407206318546e-01 1.306191912499271135e+00 1.211109167033405321e+00 1.429927699061071644e+00
6.415878387640856495e-01 -1.779672033820485666e+00 9.605392357650116564e-02 -1.197779803741281235e+00 -1.374428994219193179e+00 -1.197934563807055319e+00
-1.667272510140066055e+00 -1.322773713587048657e-02 -1.571311892949155131e-01 -1.173780074831627607e+00 -5.987675458434136289e-01 3.637735919889619196e-01
-1.625324896473601954e-01 -1.175879867751663088e+00 -1.151175056034495769e+00 7.701979668503349252e-01 4.524691782192685578e-03 1.958764027090311999e-01
6.973189506341859190e-01 1.442070139811963303e+00 -1.085745787162511133e+00 -1.737913702627169321e-01 -5.987675458434136289e-01 -1.479965675045714857e+00
7.530500625042861884e-01 1.145455929220765140e-01 4.103145466184671686e-01 -8.137841411868196317e-01 -1.719167415719540015e+00 -6.734471137822153342e-01
-1.545709022373458752e-01 6.127761628880507017e-02 -7.275964675334877230e-01 3.862023042958731001e-01 8.663707455330591500e-01 -1.137703012060403251e+00
-1.062191866978978050e+00 2.557231844657219533e-01 -1.767231034513781773e-01 -2.217908280820247435e-01 -1.632982810344453251e+00 -4.633321971232775005e-01
-1.213462027769250051e+00 -6.106808045437479571e-01 5.483708306027145207e-01 1.106194171585489050e+00 -5.125829404683269752e-01 1.268151036979412893e+00
4.704137094487781390e-01 6.647905269100087278e-01 -1.582109390083495271e+00 1.622048344724371094e-01 -5.987675458434136289e-01 -1.223320841390806990e+00
1.505420072750639271e+00 6.651814845366748052e-01 6.611121143955479562e-01 -5.017876653613194682e-01 7.801861401579723854e-01 1.503897573945843780e-01
-6.123621783131690810e-01 1.086815322123804384e+00 1.385117608774281361e+00 -1.365777906108858186e+00 1.038739956283232457e+00 -1.486447695882204580e-02
-3.735145560127395292e-01 1.416797521802468873e+00 -8.725696100998558968e-01 9.820555738002688384e-02 1.728216799283925686e+00 1.697250592254935520e-01
-7.317859894633839124e-01 5.206528276216045859e-01 3.311920044113199624e-01 9.701957077641171212e-01 -9.435059673437601324e-01 -1.534354905375832301e+00
-1.157730915899149782e+00 -1.573707178429296194e+00 1.791440039551183139e-01 -1.397777544655063542e+00 1.469662983158665392e+00 -1.891603992187656513e-01
1.027724828149779945e+00 -6.813324327912851919e-01 1.415928351552318276e-01 5.062009488441425731e-01 8.663707455330591500e-01 -1.647584658543904457e+00
6.296454576490642108e-01 -8.773278687024860245e-01 -5.382781859355569853e-01 1.062054670165783615e-01 -5.125829404683269752e-01 1.345770450084798453e+00
-1.109961391439063805e+00 1.720180640095450020e+00 5.987374988060215619e-01 7.381983283041295696e-01 -7.711367565935867141e-01 1.060159352070938893e-01
-5.606118601480761798e-01 -1.751760451830994381e+00 -3.617394150098555972e-02 -8.617835990061274432e-01 8.663707455330591500e-01 1.185176162575537262e+00
-1.229385202589278636e+00 -1.488031607099872033e+00 4.517630316752839770e-01 9.141963403082583595e-01 -8.573213619686734788e-01 9.299919092747641614e-01
1.214822132285116485e+00 -1.774718286528226829e-01 -4.821357652613930678e-01 5.622003163000013348e-01 1.728216799283925686e+00 -1.592152156532263829e+00
-1.018403136223899441e+00 -1.075306018291779964e+00 -1.273729852384195338e+00 -1.037781611010255567e+00 1.642032193908838922e+00 -1.487546782598121231e+00
6.017799017140140760e-01 1.166738231232283152e+00 3.505908083027991506e-01 4.902011295710401728e-01 -8.573213619686734788e-01 4.531471993728543590e-01
-1.663291716435058909e+00 -3.693761722564093408e-01 -7.196087247546429921e-01 -2.979299680479354645e-02 9.070929715727939213e-02 1.428782012876111673e-01
6.614918072891214917e-01 -2.559984605232076271e-01 1.068241219415726695e+00 1.050194804129629622e+00 1.555847588533752157e+00 1.053863033594382603e+00
-1.983596329924246504e-01 -9.651816325233363303e-01 1.740529151510197825e-01 -1.197779803741281235e+00 -1.678445189679804161e-01 -9.674410736356813256e-01
-3.973993182427825177e-01 -5.522466021295304728e-01 1.090274222876354004e-01 -1.253779171197140219e+00 -1.678445189679804161e-01 1.665952441809243623e-01
1.652709439835903904e+00 8.239661320526810995e-01 -5.025527869136923176e-01 4.582014910248348172e-01 1.469662983158665392e+00 -6.806804641074475359e-01
1.127244670774959046e+00 9.556630011496708432e-01 -1.000742159612697968e+00 2.982032982938089827e-01 -2.540291243430671253e-01 1.405584693158843157e+00
-1.356770601149507982e+00 -1.260270864022041248e+00 -1.021299625094075569e+00 -9.257828760985375993e-01 -1.029690572718846786e+00 4.749030653832172003e-03
9.719937162796801200e-01 -1.051304012568950785e+00 1.376304758499600212e+00 6.341995030289629964e-01 -4.263983350932402661e-01 -6.619344368980359383e-02
4.067210101686635215e-01 -6.177878556856446490e-01 8.306804825293028216e-01 -1.077781159193011984e+00 3.492631132825395057e-01 -2.824984389924465322e-01
-1.147629651872742462e-01 -1.445057230614325283e-01 1.423546551505909141e+00 -4.617881171785628847e-01 -4.263983350932402661e-01 3.728152798955030600e-01
4.863368842688067795e-01 1.449121339864336111e+00 -6.563914461906454889e-01 7.781978764868864307e-01 1.555847588533752157e+00 -1.037131621961486116e+00
8.641639667947778256e-03 -1.421094076305664089e+00 -4.710055918069150360e-01 1.346191460682027330e+00 1.642032193908838922e+00 -1.171644117432651067e+00
1.798157689832552975e-01 -9.819788476976025748e-01 -3.887406189241350285e-01 1.290192093226168790e+00 -1.202059783469020093e+00 -9.383685694438782532e-01
-5.903185331717397677e-02 6.896721872928371910e-01 5.801207914876481062e-03 1.402190828137886758e+00 -8.165991359289372087e-02 8.523029447239410805e-01
-5.505105961216680971e-02 2.303667898219418364e-01 -1.366299891225616570e+00 -1.017921835337552428e-01 -5.125829404683269752e-01 -1.686116159314860141e+00
-1.468232824889708299e+00 7.922706387479558909e-01 1.867279707253615972e-01 3.462027561131167941e-01 6.078169294077990781e-01 -3.023901523868378627e-01
1.469592929405574955e+00 7.405944181661112680e-01 1.018330993656925809e+00 9.861955270372194660e-01 -5.125829404683269752e-01 -7.270017267671136096e-01
