-3.739468857042276828e-01 -1.254510103137212784e+00 -1.462001371796964433e+00
9.537252661507781282e-01 -8.008727364597881815e-01 -5.717068493652535111e-01
9.847461763788092903e-02 1.304855417957249963e-01 1.604866962690776999e+00
-5.060767105809019784e-01 -1.887476251567534291e+00 -3.251072299988709280e-01
-1.613262267791427451e+00 -1.236875359601831148e+00 9.271390454752523880e-01
-4.224857094486254572e-01 -8.524837489300154392e-01 1.672226048654142927e-01
-1.094475635053456575e+00 1.611718338985853372e+00 -3.274800879148505595e-01
-9.242423739757378298e-01 1.478676154134786813e+00 -1.750175178402148202e+00
7.191011351101714300e-02 1.575559786598271783e+00 -9.082214534809722739e-01
7.984840167490976359e-01 -6.769203268002427221e-01 3.954338747339811166e-01
8.835513076623670026e-01 -1.232362340362040509e+00 -1.162604651511698561e+00
1.123636129345948698e+00 -8.809357309615540865e-01 1.019916850894275973e+00
1.036703274097311667e+00 -4.880959473568555196e-01 2.370850762011305832e-02
7.234396132919010958e-01 6.226976342625270000e-01 -1.173657296744139877e+00
1.254768917194034827e+00 3.894768398930645303e-01 -6.202860899715185727e-01
3.526756576817510758e-01 -5.207224202270416269e-01 -1.005977861023710007e+00
-1.152942353327143898e+00 -1.915460715438259021e+00 1.161470756087555456e+00
-2.444448544919708977e-01 5.365049689890301066e-01 4.069833140019231688e-01
3.513205715524991279e-01 1.549908396633808527e+00 -1.349235093035037414e+00
1.080251490399341652e+00 9.700833794562992163e-02 7.146903512321426399e-01
5.265448107916891329e-01 -4.044735289758557006e-01 1.655065538800517988e+00
1.922519028912262895e+00 1.448700961500704265e+00 1.421906690003103879e+00
-1.654444563589370309e+00 1.318443732269581004e+00 1.374528264780748632e+00
1.803085748533864052e+00 1.432382662796288564e+00 -1.575474478515026755e+00
-1.618258583477498513e+00 -1.171411022722772532e+00 -1.359623980572210344e+00
-1.681089518029861285e+00 9.943510750814377186e-01 -1.352009706770116892e+00
1.813025250175710257e+00 -1.001123700652681414e+00 -1.178642040655381473e+00
1.925532642485619617e+00 1.635225224242140341e+00 2.575691883796553672e-01
-1.654444563589370309e+00 1.318443732269581004e+00 1.374528264780748632e+00
-1.517547199259462465e+00 -1.980737950798074687e+00 9.957023809062485187e-01
1.915418944748885854e+00 7.296737550365020031e-01 1.266028769166420043e+00
-1.681089518029861285e+00 9.943510750814377186e-01 -1.352009706770116892e+00
1.925532642485619617e+00 1.635225224242140341e+00 2.575691883796553672e-01
-1.552219670308425226e+00 -1.578155828303831054e+00 1.566420951969575315e+00
1.902755495355937576e+00 -6.765140938944727012e-01 -4.091662569493594304e-01
-1.490986549817001849e+00 1.647722531723501360e+00 1.062615897913923302e+00
1.013170638839600679e+00 1.691245480510394472e+00 1.616704985061656830e+00
-1.280539948437000031e-01 -1.902053204297770250e+00 1.625960373608722920e+00
