6.432017663071359692e+00 3.553979226482030906e+00 1.602335389109602382e+00 2.271576377953131498e+00 6.862933938362176800e-01 -1.381621095423787304e-01
-1.782016913804998826e+00 -5.865263120351007053e+00 -3.949639867801163495e-01 -2.201362588136089649e+00 3.779786700917855402e-01 3.855724612030703713e-01
5.032474274751982390e-01 -4.999727258993257983e+00 1.584738497909098154e+00 -1.984960137194027752e+00 -3.371756498104844235e-01 3.932591606318944222e-01
-1.056819686656548285e+01 -3.774844104829701230e+00 -5.048026953132819017e+00 1.671382286503508618e+00 6.540826508504755665e-01 -6.535236653997873457e-01
4.064405424947212353e+00 -1.549641015225341700e+00 3.877666488454476479e+00 2.410581290555123268e-01 -8.291255511103836628e-01 -2.293353412901692756e-01
5.461561441823159058e+00 1.041399273703469408e+00 3.426487781860258153e+00 1.660145773602378583e+00 -2.169664599570312324e-01 -4.044510771035651486e-01
6.555095264060916804e+00 3.912380704871464943e+00 1.225658858930008144e+00 2.263793236864233727e+00 8.123352078576333568e-01 -6.590779774076888087e-02
6.891947828698030243e+00 4.909965072474071768e+00 1.545636037855274703e-02 2.071259047184360824e+00 1.113761414220683754e+00 1.668559704442205693e-01
-5.149964727182593904e+00 -5.916960386531123106e+00 -2.936390055732225335e+00 -1.256693500092928240e+00 1.117717170228636370e+00 -3.811780063092445187e-02
-1.081309012599183816e+01 -3.629330517439445902e+00 -5.077156193698892039e+00 1.796268182831596727e+00 5.858824846186617696e-01 -6.532111590242872801e-01
-4.039288793916396614e+00 -6.043751809094995764e+00 -2.173092276900539410e+00 -1.695943073803660939e+00 9.522039110308407883e-01 1.384315728365853038e-01
3.193698397874645600e+00 -2.719923690905420077e+00 3.564979563445765276e+00 -5.334522756807827948e-01 -8.880860169419804162e-01 -3.257048581783788394e-02
-6.461301498848454727e+00 -5.616799800949705102e+00 -3.708048768626995617e+00 -6.291311427897251507e-01 1.191348394932367771e+00 -2.502924988618879243e-01
4.645346043744135400e+00 -5.979365343558726842e-01 3.883800545694697348e+00 8.234104250288994953e-01 -6.683009806413657827e-01 -3.415954251953419729e-01
6.838997144817735574e+00 4.753085471003387852e+00 2.220608233753801897e-01 2.119965038171926608e+00 1.072897218383963791e+00 1.279028109279187198e-01
9.520188312904281247e+00 1.005024818722124635e+01 -9.528378102673661587e+00 -5.180523452133639850e+00 -2.265579336354923701e+00 -5.948847383522126719e-01
1.914419432466701432e+00 -4.013725675596614195e+00 2.736268489378464785e+00 -1.400750787646233508e+00 -7.160889355050576999e-01 2.237198254112270634e-01
7.013578693393647256e+00 5.265927923866362548e+00 -4.796517618446382025e-01 1.930717274165982378e+00 1.196189738340160069e+00 2.580970772689970549e-01
-7.494133850791615536e-01 -5.572307409302808878e+00 4.957060699301779061e-01 -2.205848436666861367e+00 5.790947496850943482e-02 4.290228052306180317e-01
7.954590431987559884e-02 -5.222246115725798887e+00 1.218840124048169438e+00 -2.088979770338484254e+00 -2.056009388954370687e-01 4.173432587987872533e-01
4.702244269452553027e+00 -4.955554553371461779e-01 3.872536069308292195e+00 8.836998294873039672e-01 -6.457159466366575451e-01 -3.507033706889904345e-01
-7.563044995962572514e+00 -5.246263712095827536e+00 -4.231162969833643928e+00 -2.396179706570310958e-02 1.163821093019434594e+00 -4.108988577111549190e-01
2.926647060585959359e+00 -3.027360887251422383e+00 3.420147261371441871e+00 -7.412577598951566316e-01 -8.729653229885259158e-01 2.685314911923614850e-02
7.349047302810879145e+00 6.206536284989040198e+00 -1.945610931391739573e+00 1.340724442863298727e+00 1.296852341637904971e+00 4.919113565121556175e-01
-3.910072489782821514e-01 -5.433968020062359017e+00 8.089977269427743867e-01 -2.168235022223663044e+00 -5.576506822018108267e-02 4.302843637800577992e-01
-7.563044995962572514e+00 -5.246263712095827536e+00 -4.231162969833643928e+00 -2.396179706570310958e-02 1.163821093019434594e+00 -4.108988577111549190e-01
7.740074022264668230e+00 7.163831213415092769e+00 -3.686329688890860101e+00 3.357334296491060188e-01 1.134469443248675269e+00 6.625121243595017972e-01
-1.167773670419972820e+00 -5.708835139528723346e+00 1.324073460262125412e-01 -2.222407024514319485e+00 1.905869153332398480e-01 4.193990568292157994e-01
-5.165385080514710125e+00 -5.915387732800971854e+00 -2.947003803105673558e+00 -1.254055886048315749e+00 1.115758523300767635e+00 -4.122554751604453477e-02
2.578859074600312162e+00 -3.396773387489957940e+00 3.205589294395687183e+00 -9.914714300417379889e-01 -8.348051676141767796e-01 1.000809778573180375e-01
8.264773080679884032e+00 8.203566199996371822e+00 -5.802720758692053948e+00 -1.294581088021608872e+00 4.661929724137873765e-01 6.163669756082155171e-01
5.794967632513394307e+00 1.832800495552265652e+00 3.000604252820408657e+00 1.958202091602155637e+00 5.463979252725399000e-02 -3.684615432544024460e-01
9.070250697440869203e+00 9.439861296575951854e+00 -8.372884973714098678e+00 -3.850733296185505417e+00 -1.179833786149559138e+00 -1.977093675961349301e-02
8.513416451586575562e+00 8.619389137339283025e+00 -6.680520541289848069e+00 -2.098184459094427634e+00 1.597588817001736189e-02 4.840078162731131228e-01
6.573735723587670776e+00 3.966973287986996333e+00 1.165105529611182522e+00 2.259913113336578405e+00 8.314180876446066737e-01 -5.412025832916805140e-02
-1.164572249590512243e+01 -3.104369181844238046e+00 -5.121711410705503731e+00 2.225551943153689649e+00 3.554634753840670847e-01 -6.494132821509962517e-01
9.121026235712541563e+00 9.512293256318333334e+00 -8.513506515009751752e+00 -4.005842499134117496e+00 -1.300378137138070711e+00 -7.988339957257434287e-02
-3.817394504386950871e+01 2.380578262749147100e+01 1.372224631564220765e+01 -7.603357255469017417e+00 2.018813711975773639e+00 -2.499577655805242937e-01
6.195037341836924227e+00 2.883843731265346655e+00 2.225667736980450506e+00 2.212673052481535230e+00 4.407685642766233092e-01 -2.518023835133615385e-01
3.995564037163998883e+00 -1.652901029381351083e+00 3.863576480211541764e+00 1.736460353574572069e-01 -8.409181417675928305e-01 -2.143375824674555730e-01
-2.514570853908879400e+01 9.096063454546104765e+00 1.342661896488900997e+00 2.450811468055031916e+00 -2.338515605082968740e+00 1.087560645605768705e+00
-3.491827057629535602e+01 2.000331367637754454e+01 1.037570294621356126e+01 -4.480234019666402112e+00 3.319968968601858528e-01 5.002375732656245688e-01
1.165834507055508507e+00 -4.584875460358215804e+00 2.146698539669740669e+00 -1.752771182498559455e+00 -5.295691066367860245e-01 3.352395245927281553e-01
-3.872389897773092571e+01 2.445426709312614122e+01 1.429888238765813568e+01 -8.161831182319136957e+00 2.337414978059494608e+00 -4.026952458832770976e-01
6.153919750656593024e+00 2.770855498367668091e+00 2.319781905169756353e+00 2.194453624735763775e+00 3.998177382408532599e-01 -2.678742154579357160e-01
1.702823935819469003e+00 -4.188091628407875078e+00 2.573972947191646377e+00 -1.512784750026925806e+00 -6.681515196089230502e-01 2.575022567628517112e-01
-1.878279937446966752e+00 -5.884084259148238516e+00 -4.756401209067017133e-01 -2.190442593395809823e+00 4.087473301918599922e-01 3.806913444192677187e-01
-1.651582752860787195e+01 6.452390349751242482e-01 -4.136824459274549781e+00 3.899028167917603760e+00 -1.202735402721613722e+00 -1.232869396376010118e-01
-1.330274292296423511e+01 -1.948971598682841533e+00 -5.009908207805660041e+00 3.000595435648378828e+00 -1.606722432396219535e-01 -5.608794926641138545e-01
8.547078184050866057e+00 8.672755035916303257e+00 -6.793116722143659914e+00 -2.206607077392623850e+00 -4.979314663745050551e-02 4.612505818857191575e-01
-1.439983076316005395e+01 -1.111355902572663368e+00 -4.808926007887654563e+00 3.384833167188528780e+00 -5.285254317800768264e-01 -4.352042844155402102e-01
-4.132509839838139953e+01 2.753656526375168312e+01 1.707812279563253810e+01 -1.089746528317840557e+01 3.952422587176753765e+00 -1.225964341634754096e+00
2.537792108047701944e+00 -3.437742953048866124e+00 3.179919542985285563e+00 -1.017911632195694249e+00 -8.293652015504244801e-01 1.091262940143553906e-01
7.334762722761210441e+00 6.167911006425174314e+00 -1.881477272578840898e+00 1.371503943970717287e+00 1.297301194893821563e+00 4.833195326355732013e-01
-1.073215301539898903e+01 -3.678297888218605927e+00 -5.069692551352833476e+00 1.749707288960379525e+00 6.058899039827354560e-01 -6.513330878204494079e-01
7.266161932456821404e+00 5.981215678830232640e+00 -1.574775516501461414e+00 1.512875910809456048e+00 1.292542084909881872e+00 4.395309368311349218e-01
-5.851857326419024119e+00 -5.776116921454626407e+00 -3.368572546424354108e+00 -9.352287472675677726e-01 1.171856902689919266e+00 -1.534077749456553563e-01
-1.987717251184223954e+01 3.731004868683965192e+00 -2.425868113030990703e+00 4.015500666931462348e+00 -2.020395437756056012e+00 4.393351460998058400e-01
9.909867039300305436e+00 1.056199121619664894e+01 -1.041520348743391366e+01 -6.261270211442034217e+00 -3.247867707189035169e+00 -1.178357689716219570e+00
5.858131787888533282e+00 1.991465261939129316e+00 2.898765620591292613e+00 2.007980969697695350e+00 1.121538463760447524e-01 -3.558333901921055253e-01
7.212654991165355689e+00 5.835078450748079071e+00 -1.337404915286076523e+00 1.615718831932345889e+00 1.280390173671625664e+00 4.024575199507288148e-01
7.276550110335262112e+00 6.010170778547163195e+00 -1.621065740299979741e+00 1.492312798826264553e+00 1.293514827435467307e+00 4.461769205972771490e-01
6.030194520177676321e-01 -4.942313101265797037e+00 1.670891675942762999e+00 -1.954775181437132581e+00 -3.671026134175528477e-01 3.869243084686526113e-01
3.399651053489045616e+00 -2.467455406180755872e+00 3.663260421393925270e+00 -3.633782941775856035e-01 -8.902391994584351043e-01 -7.939607877263887836e-02
-1.640472394031428749e+01 5.483953097422048506e-01 -4.175308129052666573e+00 3.894876940624944162e+00 -1.168620070191640714e+00 -1.480466485555316236e-01
-1.552215262184699185e+00 -5.812525995696543823e+00 -1.986938214049946416e-01 -2.214630657380483036e+00 3.097747984308635849e-01 4.012914452903479368e-01
-7.735436141410809263e+00 -5.180544879913224321e+00 -4.303531642722980166e+00 6.418779842504160338e-02 1.145525230969892228e+00 -4.323588270042512671e-01
-1.172473590253464693e+01 -3.052308746580849164e+00 -5.121036461593462263e+00 2.270884601467577646e+00 3.342629012435567870e-01 -6.496226549035188924e-01
6.645255969569218379e+00 4.177404833538504114e+00 9.257601482488124756e-01 2.238086046609980784e+00 9.024744227893450876e-01 -7.451799812827279712e-03
-4.070382371949440881e+01 2.679816165784174586e+01 1.640717341934150397e+01 -1.023010908061537805e+01 3.550662412543824864e+00 -1.014526422684324469e+00
9.128666059907946106e+00 9.524337983090507720e+00 -8.535651926388817756e+00 -4.029558584720975389e+00 -1.319817587202729348e+00 -9.012859216866447865e-02
3.892292448648091874e+00 -1.803470840571609557e+00 3.839637189763519309e+00 7.674379025256297671e-02 -8.561226030084372329e-01 -1.914650190048871048e-01
5.278939148009634152e+00 6.394505367376062122e-01 3.591812497200531862e+00 1.479480484641716220e+00 -3.438711258324169684e-01 -4.057195817137947969e-01
3.106202959275884190e+00 -2.822934012138652804e+00 3.519965489589587992e+00 -6.026035735754530220e-01 -8.846853086897985552e-01 -1.275733802169175951e-02
-5.572377896328207569e+00 -5.838246978976541435e+00 -3.201763003882038383e+00 -1.069934306904068544e+00 1.152598802034834335e+00 -1.079930118497725855e-01
9.829614942566360369e+00 1.045590822425534228e+01 -1.023828955874084912e+01 -6.043346727044771605e+00 -3.042122423684960886e+00 -1.051490161613871877e+00
6.153116047483083051e+00 2.768688361945104148e+00 2.322114796166125927e+00 2.193926199242197228e+00 3.984048331829945222e-01 -2.682794494477241387e-01
-1.294453310744299479e+01 -2.210183597590682503e+00 -5.052617442635817468e+00 2.857719867631093091e+00 -4.140068912708720628e-02 -5.934717622009532123e-01
5.176894340673023009e+00 4.242812234853988174e-01 3.666135569248682557e+00 1.375983675430894060e+00 -4.077523964887689312e-01 -4.018368005749419214e-01
7.435288893275573407e+00 6.431782731088425464e+00 -2.333420555368847182e+00 1.144179725261922353e+00 1.288278210999736384e+00 5.420273832318283080e-01
-5.318049637959916254e+00 -5.888460004583342844e+00 -3.044418748412069498e+00 -1.186333547748075423e+00 1.130748384732887635e+00 -6.629537785217393120e-02
8.528090301600261824e+00 8.639603199944646761e+00 -6.727118024925314188e+00 -2.144631214636476990e+00 -9.742188694463600057e-03 4.763997600720269454e-01
4.036779967321463936e+00 -1.566682400286619092e+00 3.885952829182641288e+00 2.044976360293854767e-01 -8.134296183891790433e-01 -2.447505935762740170e-01
8.379090541262968372e+00 8.398183605789405703e+00 -6.215035142465211493e+00 -1.663596010694717631e+00 2.689865170483417001e-01 5.646019873579937176e-01
5.076622834589342048e+00 2.185887863587653857e-01 3.728062299809676627e+00 1.271486458430587163e+00 -4.666910838930698469e-01 -3.950266660169547417e-01
7.769315821244325626e+00 7.225539129554984896e+00 -3.811092162729438293e+00 2.507057707619558817e-01 1.112264571280517700e+00 6.701936578131983957e-01
3.841248797252602820e+00 -1.876399139029209184e+00 3.825924820928577219e+00 2.928760082321873320e-02 -8.625370229571018843e-01 -1.800202448014759649e-01
6.264138129672689459e+00 3.075985770357712923e+00 2.057092904959596957e+00 2.238721153779945627e+00 5.123497453400295276e-01 -2.221276539319451959e-01
-1.587041113949193516e+01 9.162765032768223350e-02 -4.379161391732687036e+00 3.775614592491293386e+00 -1.005375780195545188e+00 -2.253337584194184395e-01
4.457142238198030348e+00 -9.237029762606489003e-01 3.904808919910298215e+00 6.298463699005980576e-01 -7.332355084342325746e-01 -3.088171253557611684e-01
-2.195432089842590884e+01 5.783374084551195615e+00 -1.070460784688705758e+00 3.634762278301820082e+00 -2.301638711022681694e+00 7.516819238360481492e-01
-5.970005402050244214e+00 -5.745606091632078360e+00 -3.435430000990954635e+00 -8.672024024878021153e-01 1.186099156707503210e+00 -1.722648417065199278e-01
1.026966226065382415e+01 1.102939162931658146e+01 -1.116216114795879477e+01 -7.202635874057509824e+00 -4.170674917718081964e+00 -1.768400008466587625e+00
-3.273774655150417434e+00 -6.053745759308697849e+00 -1.594104843846975150e+00 -1.926580279357584580e+00 7.958006874562647548e-01 2.492492254448867295e-01
5.867572342718961664e+00 2.015438604630432451e+00 2.882813440160594709e+00 2.015242232051538629e+00 1.210188522200458527e-01 -3.537616912684790615e-01
-1.260255288833813836e+01 -2.453964127511180759e+00 -5.086476792428120675e+00 2.699632032571179341e+00 6.695947702753085595e-02 -6.142010433650737511e-01
-2.416634223212571264e+00 -5.987050924477672176e+00 -9.054064159096683051e-01 -2.111383344442798293e+00 5.781360685646725894e-01 3.496285902562942804e-01
-2.820859034885246253e+00 -6.029279463727817756e+00 -1.234915017668461346e+00 -2.035539601258412823e+00 6.851242902101359888e-01 3.057196358605323017e-01
2.673643367536993054e+00 -3.299539126107217335e+00 3.266442399482961889e+00 -9.258553529044076802e-01 -8.470155408593248447e-01 8.056310667851110385e-02
5.268985621765139626e+00 6.181162154898426353e-01 3.599674613360311692e+00 1.469174964489601276e+00 -3.505185874773312782e-01 -4.054453575982642222e-01
3.304826721240460952e+00 -2.585294959928604808e+00 3.619913808942011535e+00 -4.422821119975519633e-01 -8.904224714606929769e-01 -5.766715515040343049e-02
4.298951214196817361e+00 -1.184363429380751898e+00 3.904297130738554333e+00 4.700973897229605569e-01 -7.779441863483127495e-01 -2.782745435151759428e-01
7.202069534985790611e+00 5.801989868710883513e+00 -1.291053240376885736e+00 1.634047296697909379e+00 1.280811658289571664e+00 3.966395151521077689e-01
-1.316590779550408374e+00 -5.751773214465476514e+00 3.454560727363425315e-03 -2.222858643240864573e+00 2.364088710208889221e-01 4.125618244289286918e-01
4.042897349501096471e+00 -1.581576532201055318e+00 3.874385528368651244e+00 2.216985297958636580e-01 -8.330241838956754519e-01 -2.246686701605145886e-01
-1.950678114823289988e+01 3.376905362534030175e+00 -2.655145950708662994e+00 4.027425810670498763e+00 -1.947876224736769357e+00 3.883220080020054477e-01
-2.560326262386937834e+00 -6.004030386674889641e+00 -1.023227016518700072e+00 -2.086049632702474010e+00 6.176718656692975484e-01 3.352796020395698018e-01
8.729669660350660720e+00 8.951538435325200993e+00 -7.378713129264177439e+00 -2.790204959117979833e+00 -4.224335189615481267e-01 3.200070578675135446e-01
2.056280076247465338e+00 -3.890922306171725076e+00 2.842496589360863801e+00 -1.320150555765346567e+00 -7.458161965627532197e-01 1.998545849237499672e-01
7.453275602865111260e+00 6.475923610114350026e+00 -2.413897242893394690e+00 1.100844087518950243e+00 1.285997096243998827e+00 5.524930399058779473e-01
-9.473399746466805382e+00 -4.383475060019524250e+00 -4.856555733354894322e+00 1.059637940348687524e+00 9.009576310539962885e-01 -6.048403055365547676e-01
7.166413157077187179e+00 5.705080742679459860e+00 -1.134144462056085656e+00 1.698201054460060977e+00 1.267111704491653112e+00 3.700973118943970408e-01
-1.388290256388530208e-02 -5.267310035385587952e+00 1.137404872215188378e+00 -2.108229890460024514e+00 -1.763534893286622940e-01 4.205654578104291441e-01
-1.947248199760572973e+01 3.343421635258486457e+00 -2.671230299269218733e+00 4.038933480439119705e+00 -1.942221009946424770e+00 3.786759413904925986e-01
8.387495757317735112e+00 8.421372371564508796e+00 -6.251077652859490463e+00 -1.704486960938761619e+00 2.544242309526734136e-01 5.502949978256240771e-01
2.281617676461210387e+00 -3.685338498819553443e+00 3.007147220544824862e+00 -1.182010500595151781e+00 -7.888483006858011404e-01 1.604894885596623577e-01
-5.750083010900240765e+00 -5.799581443319763885e+00 -3.308618666058640301e+00 -9.848944779578625575e-01 1.165498331222259987e+00 -1.369171351172393525e-01
-2.250298943347662828e+01 6.343118324374641404e+00 -6.942803705518099111e-01 3.456535749321066220e+00 -2.336796734999010638e+00 8.347690926786619503e-01
5.627396067782393985e+00 1.425424472019721556e+00 3.236580245579153470e+00 1.814795277490813152e+00 -8.839388491757321775e-02 -3.925625299251593314e-01
2.481066470639234911e+00 -3.494680250792463916e+00 3.140882955707527735e+00 -1.057410168212563395e+00 -8.207774339958466836e-01 1.196888356585402158e-01
-1.043368676162057440e+01 -3.854394392780188916e+00 -5.032976392657664277e+00 1.590491777265113704e+00 6.838407602182051681e-01 -6.474391369171805799e-01
-2.586549015137584462e+01 9.870100188657904283e+00 1.914148551669265785e+00 2.065214058586322121e+00 -2.268625579209375243e+00 1.144767371534564981e+00
4.389465253762214303e+00 -1.036556054873966071e+00 3.906577371741809301e+00 5.613891116099772871e-01 -7.534026890982663538e-01 -2.960637896712310924e-01
8.572763943587350610e+00 8.712527382610417703e+00 -6.877591700358162363e+00 -2.289042562481970577e+00 -1.001668931778476324e-01 4.435343214606974338e-01
2.671230792451621650e+00 -3.302046550341408704e+00 3.264912502037145003e+00 -9.275511719231304131e-01 -8.467201147133210926e-01 8.106289230854760164e-02
5.116025538731518552e+00 2.986347950695635300e-01 3.705055870868207535e+00 1.312521156496470720e+00 -4.441619785700214318e-01 -3.979948953339291218e-01
2.931936313766650759e+00 -3.021384762098898946e+00 3.423449937780625341e+00 -7.369598264789625208e-01 -8.734573834424785854e-01 2.580907457629009333e-02
1.595242595646729322e+00 -4.272266342344620327e+00 2.491164520158964280e+00 -1.564579053365905192e+00 -6.422873326002582761e-01 2.751134625525050725e-01
9.475660951442639757e+00 9.992324991843007709e+00 -9.422266872593677789e+00 -5.053399012984399086e+00 -2.156587674272461452e+00 -5.339520153959925741e-01
8.166428962737661834e+00 8.026577053410582252e+00 -5.432452157468739884e+00 -9.781248077014121911e-01 6.244764544006959905e-01 6.504027454599716762e-01
-8.701947212543515775e+00 -4.764630306395140735e+00 -4.649451363051515074e+00 6.194415828852559702e-01 1.033404482604909580e+00 -5.406725468962907399e-01
2.843300188980875998e+00 -3.119089594610597871e+00 3.370907192305678368e+00 -8.037030865292649207e-01 -8.655360442827461087e-01 4.474956939235898157e-02
3.276946567443958180e+00 -2.619294785306732543e+00 3.606890975019200862e+00 -4.648187036977256548e-01 -8.901733829798834652e-01 -5.122461140593986134e-02
-2.226295973470679712e+01 6.099843350874241565e+00 -8.709141133423160541e-01 3.516618668241066281e+00 -2.318491432661947904e+00 8.084155027682085048e-01
3.811441474063733903e+00 -1.918758184506845321e+00 3.816909419524066926e+00 9.383480480028502657e-04 -8.658794770095992188e-01 -1.733482932596537018e-01
-5.915339397920742925e+00 -5.759489442421331873e+00 -3.404373632315989440e+00 -8.971094374465742316e-01 1.181050889391401792e+00 -1.634630801153122703e-01
7.859375412572743969e+00 7.767066443424765154e+00 -4.480879261739270092e+00 -5.227383095011297609e-01 1.110977954317221794e+00 4.884527571881847607e-01
7.993507416249162389e+00 7.698482610411677030e+00 -4.751802441439386016e+00 -4.299875056051427058e-01 8.672461243926895547e-01 6.812830300561747432e-01
-1.011948172700791737e+01 -4.034258363920093515e+00 -4.985519460473989639e+00 1.425694287334522414e+00 7.605115892416928203e-01 -6.376076398416219426e-01
-5.203728245106366224e+00 -5.908410262122187895e+00 -2.971340078057545853e+00 -1.235664046863470311e+00 1.121069003743575099e+00 -4.728620184157227707e-02
8.685885774702800433e+00 8.886277064647867263e+00 -7.242072988194131256e+00 -2.651045960518520594e+00 -3.308486468578519801e-01 3.564598664906061809e-01
1.444937259066789492e+00 -4.386830025987953796e+00 2.370677330768225843e+00 -1.636553752839965403e+00 -6.045172331043631164e-01 2.956507451341757187e-01
3.993528283256889466e+00 -1.655828205662869257e+00 3.863301336865512248e+00 1.720098849210787151e-01 -8.412598826062734902e-01 -2.138886693940211525e-01
-2.332415469304875977e+00 -5.975594608838799005e+00 -8.354433066687914078e-01 -2.125403397517250603e+00 5.543669085755869030e-01 3.578044657056050348e-01
3.687346133726728148e+00 -2.090244139998961970e+00 3.777945689371563276e+00 -1.110874012790469961e-01 -8.777193692705589356e-01 -1.450984032841654559e-01
6.316384350457295849e-01 -4.924922680329292035e+00 1.696683900939345735e+00 -1.944139022769056258e+00 -3.751331755442681160e-01 3.866251543904128396e-01
5.475617237241213076e+00 1.073104265538075364e+00 3.412166794969652805e+00 1.673224950374048614e+00 -2.069534333853058350e-01 -4.038317704381741424e-01
-1.522233405881285861e+00 -5.804976653137744691e+00 -1.728212379203149240e-01 -2.215518181442984069e+00 3.010026293173186374e-01 4.034261072865921727e-01
-1.407064513926104210e+00 -5.776166083546453223e+00 -7.448616471099861469e-02 -2.221065190840075587e+00 2.643963708284374214e-01 4.082425330448457568e-01
3.866381809305532991e-02 -5.242101696292402302e+00 1.183263038918294985e+00 -2.097605844390010965e+00 -1.928450445284753123e-01 4.188511282685405956e-01
-1.225209354380535487e+01 -2.698275033652812738e+00 -5.113611970003782758e+00 2.517060161724621103e+00 1.705319138294353054e-01 -6.249490133433255323e-01
-1.238385239039684294e+01 -2.606848445633601852e+00 -5.102198306231290559e+00 2.596340721754756053e+00 1.350608487929490509e-01 -6.254587063218245424e-01
7.460785695325094835e+00 6.496535081033803394e+00 -2.448006454683389066e+00 1.082936033256147734e+00 1.283072046287512702e+00 5.558169619707274967e-01
5.377840410716158814e+00 8.544000498458746984e-01 3.507718172555197800e+00 1.578221678672612871e+00 -2.772048782312487303e-01 -4.064353925432440673e-01
-6.614544418058452280e+00 -5.570216661198087671e+00 -3.786539738974131986e+00 -5.439466631005502872e-01 1.196806700587377925e+00 -2.744141651823887584e-01
6.717175406206292720e-01 -4.902076690656459235e+00 1.729431947125839031e+00 -1.933620704608127516e+00 -3.876834535493048350e-01 3.813900794763190327e-01
4.552023442267007169e+00 -7.616620113193547370e-01 3.897323912116723132e+00 7.269802805934020284e-01 -7.021673585825591868e-01 -3.258847498824895550e-01
-5.164794480531016418e-01 -5.484802608035987959e+00 6.990401182953591697e-01 -2.184249524728978376e+00 -1.625580940530803667e-02 4.302815162374719615e-01
1.013516240224476661e+01 1.085550762833892158e+01 -1.089067535187841962e+01 -6.857175742061427215e+00 -3.825389620904096510e+00 -1.543630825819280128e+00
7.233862057766038411e+00 5.892952587785126539e+00 -1.431307201630067194e+00 1.575709968463143262e+00 1.286178746988149602e+00 4.174791352368560360e-01
-1.093008053167486260e+01 -3.557248871026033044e+00 -5.084336606149355120e+00 1.873328819239570731e+00 5.607321979758018715e-01 -6.592700639672297580e-01
7.902442891797498703e+00 7.514953150956209527e+00 -4.378068140086957882e+00 -1.482233283262901491e-01 9.756740025274522887e-01 6.829499814046784412e-01
2.420956262604560649e+00 -3.553384535274815015e+00 3.100838576050187534e+00 -1.096314179847362791e+00 -8.116362355751072233e-01 1.318664467234725579e-01
-1.948522756355040997e+01 3.356692414263332314e+00 -2.670176347881047185e+00 4.023691993708473191e+00 -1.943205231455146231e+00 3.874221644792071872e-01
-1.736892232486682985e+01 1.397526635872061718e+00 -3.761200440167232095e+00 4.036402375101681983e+00 -1.447239938545105797e+00 5.925262911004185867e-03
7.338743273109665566e+00 6.178305461293112977e+00 -1.899314033126815460e+00 1.362882102504776149e+00 1.297538341437943110e+00 4.858934104108361685e-01
6.653499929245466404e+00 4.202920088215612360e+00 8.993139115656425542e-01 2.235296094246985721e+00 9.080014574364652091e-01 -2.736756819950413033e-03
1.039636360658906611e+01 1.120049228701732602e+01 -1.141307411985177467e+01 -7.533499101280805021e+00 -4.497135126949569184e+00 -1.997265529917950255e+00
8.344078159360250879e+00 8.339521663091293391e+00 -6.090607169266684551e+00 -1.550504193290246580e+00 3.310036951817723616e-01 5.819600835054927757e-01
7.177974584587031970e+00 5.738310892781813166e+00 -1.184698057823386996e+00 1.678278191097232419e+00 1.270273505797396840e+00 3.780209707653576223e-01
7.617351470135860225e+00 6.879612191036453162e+00 -3.147308998681880965e+00 6.797353302813603504e-01 1.220645653316553725e+00 6.265412802437824169e-01
4.550044634056795267e+00 -7.649523924407597431e-01 3.897659092296346550e+00 7.254029714724419264e-01 -7.027719725737737733e-01 -3.255826215777717914e-01
2.680506528911055231e+00 -3.292283747158786689e+00 3.271100362435036324e+00 -9.206578948385537586e-01 -8.479282842574370482e-01 7.930448007518078879e-02
-6.295497416787956269e-01 -5.528226827312695768e+00 6.004083044123269541e-01 -2.195427197542016984e+00 2.004948862030656725e-02 4.304115101773234309e-01
5.618697225691283492e+00 1.404802417947635274e+00 3.247591217215371806e+00 1.806933606590164665e+00 -9.548692173855449772e-02 -3.934657664508773300e-01
-1.136616317854947589e+01 -3.284468386507850113e+00 -5.112204641936889615e+00 2.090181924261964141e+00 4.392022078387559092e-01 -6.576013207648122583e-01
6.836475768123362329e+00 4.745026573476001985e+00 2.312431736422301543e-01 2.121860513328824638e+00 1.071706749239580425e+00 1.263826561183066244e-01
5.955210839328835881e+00 2.240712977746026180e+00 2.728142938439950704e+00 2.078264084002904077e+00 2.031672725992260120e-01 -3.323855554018832481e-01
-1.302125787910689247e+01 -2.155203515089629374e+00 -5.050381022630712202e+00 2.868742570254994018e+00 -7.250962026491436507e-02 -5.779208498831847063e-01
-6.637358391355759224e+00 -5.564416539452469834e+00 -3.799248160245829453e+00 -5.375775169007782628e-01 1.192326702899332957e+00 -2.775424763562037156e-01
4.231599384993248947e+00 -1.291780641505519966e+00 3.899581578669731652e+00 4.032316950914648368e-01 -7.944238760744797290e-01 -2.646086509627491590e-01
-1.881441037870069266e+01 2.718513492584435198e+00 -3.030613121435200341e+00 4.096136010141297135e+00 -1.805237208476409450e+00 2.558184804858311678e-01
5.365051558736617210e+00 8.261952447081140072e-01 3.519360287408925814e+00 1.565401965037970466e+00 -2.862187071990637821e-01 -4.065076660064696479e-01
-1.638272072911064470e+01 5.297270723735788556e-01 -4.187884466743960310e+00 3.880217116139030420e+00 -1.162628267683081917e+00 -1.465147624789792380e-01
2.940236040827054698e+00 -3.012428994541812344e+00 3.427399022344253865e+00 -7.317060060065831983e-01 -8.739084258271451189e-01 2.364183671983339369e-02
-3.122073848609557611e+00 -6.048362437317107876e+00 -1.475179664798408119e+00 -1.966321858008260870e+00 7.593935542968824892e-01 2.686824179490204245e-01
-4.543418587702964251e-01 -5.459773354158015124e+00 7.537126260304162217e-01 -2.176082022639200808e+00 -3.545630947474016914e-02 4.309167959360121203e-01
-2.097493894957344729e+00 -5.939239269376748176e+00 -6.395851636704685816e-01 -2.156485884423965160e+00 4.889332421278790863e-01 3.796087546052974715e-01
4.049544439978803645e+00 -1.571710749607860391e+00 3.875429994164176328e+00 2.276941796551924524e-01 -8.318380460277453592e-01 -2.261122045531201719e-01
-2.429326382399390194e-01 -5.370805560183646854e+00 9.387181776724026205e-01 -2.146417917127769748e+00 -1.026770279934484664e-01 4.287326559714918495e-01
7.548077979486419231e+00 6.715046956899143993e+00 -2.839738470950042171e+00 8.638036375370086173e-01 1.253329645003495640e+00 5.975744239054772144e-01
-8.141295631715786740e+00 -5.014310050604980695e+00 -4.460105882022652679e+00 2.983143951639853353e-01 1.107252767765740220e+00 -4.816245035880785674e-01
6.989108978779571046e+00 5.195393314213394120e+00 -3.776822623865541129e-01 1.962429363817765227e+00 1.180501533945100601e+00 2.394143977180486493e-01
-2.893874593668173123e+00 -6.034192782301062152e+00 -1.293159674969793560e+00 -2.017776609399331900e+00 7.053543327537938890e-01 2.981496282680799470e-01
8.332402443940578607e+00 8.318678380456162813e+00 -6.047914502692053773e+00 -1.512593234405320786e+00 3.523183245549546538e-01 5.881548729074402848e-01
-2.732525372936934360e+01 1.144660924006129576e+01 3.170142999247060445e+00 1.280093383217929093e+00 -2.085732243720553658e+00 1.182153263401523713e+00
6.131541776886293427e+00 2.709877854781197914e+00 2.370824419530821459e+00 2.183258655382939839e+00 3.760868291037052225e-01 -2.764542632034170944e-01
6.232157529809926544e+00 2.986773433474868789e+00 2.136918841676875402e+00 2.227402313747887330e+00 4.785973813838201862e-01 -2.363292318571275918e-01
3.966311696841639201e+00 -1.695769852399510835e+00 3.857686624269651254e+00 1.467767771989352543e-01 -8.455670829423175272e-01 -2.078931251812559111e-01
2.869044448549995074e+00 -3.091134961592166608e+00 3.385859943980767284e+00 -7.850867717759784092e-01 -8.678412396993890887e-01 3.905677492664794137e-02
3.646361937934686548e+00 -2.145908592098955125e+00 3.763148972120891944e+00 -1.484405706085270560e-01 -8.806531538635082867e-01 -1.357999054115993642e-01
-9.537679285473906532e+00 -4.350745680403637294e+00 -4.872980293097212368e+00 1.088621583534453929e+00 8.837488519734894021e-01 -6.064304940381456399e-01
-8.550950701415580113e+00 -4.833762341053159162e+00 -4.601101352564212377e+00 5.401520572698870204e-01 1.058273911007239443e+00 -5.265840801086778544e-01
6.383255220506652172e+00 3.413479545964474227e+00 1.740695056365406002e+00 2.266845895545354317e+00 6.365582685998589785e-01 -1.641238652352341176e-01
2.964744175429149919e+00 -2.984757243122285963e+00 3.442075834536537648e+00 -7.122833692013610385e-01 -8.759607184329283314e-01 1.856995001094783465e-02
6.124678667139852095e+00 2.691193161653906429e+00 2.385153701447177532e+00 2.180048868717743282e+00 3.701250937135098229e-01 -2.788233151879104255e-01
5.256267268750521859e-01 -4.987251498787614423e+00 1.603643600043492601e+00 -1.978958069460378999e+00 -3.441040873348426565e-01 3.912480455446412653e-01
2.162268079311413960e+00 -3.796403675448783765e+00 2.919183845076947392e+00 -1.258342493951166041e+00 -7.664758793701034190e-01 1.805256648864700386e-01
6.253416528814572217e+00 3.046009088216278471e+00 2.084054851332385994e+00 2.235104085035620081e+00 5.010874569337810946e-01 -2.269474159945333580e-01
-7.320991317101106510e-01 -5.565332274668163492e+00 5.117119934563347794e-01 -2.202695056387023342e+00 5.365479869891141146e-02 4.310796162971081702e-01
6.055875518137897373e+00 2.505975540500271492e+00 2.532043991580798625e+00 2.142125211576612731e+00 3.007200580141740631e-01 -3.026403917769913687e-01
6.578851685270091565e+00 3.982398636421089044e+00 1.149204414760138793e+00 2.258857275437017087e+00 8.355637727214351163e-01 -5.117964429300691370e-02
4.256761060459267609e-01 -5.042687389349600480e+00 1.518331791760259897e+00 -2.006078875865231481e+00 -3.133407652152364053e-01 3.988929772905062676e-01
4.861211734387369532e+00 -2.018880689978262977e-01 3.826448625950948035e+00 1.048217925801842032e+00 -5.768615903104432618e-01 -3.728635915059976269e-01
-8.734443719283881080e+00 -4.750385984993915400e+00 -4.661005746659172111e+00 6.307479271310323377e-01 1.023846712455617647e+00 -5.417398601483366383e-01
-4.646345120737739975e+00 -5.990405855772318766e+00 -2.602101171258227374e+00 -1.472164513602491454e+00 1.050885397909833152e+00 4.307859562738629300e-02
5.023933048055306827e+00 1.133004018018551329e-01 3.756261731594235709e+00 1.217214567509401490e+00 -4.953982441158528149e-01 -3.905836060461646553e-01
9.438099674247919513e-01 -4.734174914250030675e+00 1.958856473560043998e+00 -1.841998610136801329e+00 -4.675085122090055223e-01 3.557729778193028936e-01
-1.690132858016261563e+00 -5.842511463034945507e+00 -3.130563744704608631e-01 -2.211526417769364983e+00 3.537449760896697604e-01 3.877020575556458515e-01
-1.207139717543022073e+01 -2.821172934587278025e+00 -5.118451815013143502e+00 2.436629105002674045e+00 2.282802628729846683e-01 -6.357502074069693032e-01
-1.233717978676928162e+01 -2.639337451171233084e+00 -5.106671228541943108e+00 2.567283074735164483e+00 1.474792710313816702e-01 -6.249972441644826571e-01
5.544766495377409399e+00 1.231803326368807738e+00 3.336141715464723045e+00 1.739264834698402984e+00 -1.538588266758189882e-01 -3.998782836987049838e-01
5.919106731122694143e+00 2.147371160879700369e+00 2.792648306206823250e+00 2.053661574214126428e+00 1.701920996685592213e-01 -3.415887648858410564e-01
8.558125918077895022e+00 8.688355359339064776e+00 -6.828220408557855059e+00 -2.241652139509192843e+00 -6.998003727378657168e-02 4.548005346007329419e-01
-5.847361699021231374e+00 -5.776112653735772540e+00 -3.365150235000244017e+00 -9.327618267123420903e-01 1.175490878945208095e+00 -1.524947381684998993e-01
2.365471106851583905e+00 -3.607145464732162132e+00 3.062237474615788990e+00 -1.132814604440877559e+00 -8.025327363494727528e-01 1.422583664029618833e-01
-1.072227957745489668e+01 -3.683477476588155497e+00 -5.066208543450358981e+00 1.753466204014418883e+00 6.130069277033112218e-01 -6.549383935802975953e-01
2.969528512156786260e+00 -2.979332687907112920e+00 3.444924810344711652e+00 -7.084746966654802414e-01 -8.763497327383927837e-01 1.757638096451564352e-02
7.308244583440817177e-01 -4.867169960290516073e+00 1.778729118468440173e+00 -1.916059969234762406e+00 -4.056639258492629185e-01 3.750606598781388024e-01
5.555308376232009238e+00 1.256181767362993806e+00 3.324162952506800828e+00 1.748830224155974777e+00 -1.459199905095210914e-01 -3.990896203427367062e-01
-8.116219178284994840e+00 -5.025773431365131216e+00 -4.452042857018948752e+00 2.780263926416177700e-01 1.106104213201644537e+00 -4.774885979440132711e-01
-9.287222719064775589e+00 -4.479404489558204361e+00 -4.812471027294697556e+00 9.467349671815243894e-01 9.340693618056834513e-01 -5.906297574522327842e-01
-1.733995688734563601e+01 1.372502631450752242e+00 -3.782408791672350556e+00 4.013361567744039071e+00 -1.439335735743681566e+00 1.053923485663923673e-02
1.151103036059728968e+00 -4.596854151193557669e+00 2.130542978172126123e+00 -1.763627627728459268e+00 -5.260759694760421823e-01 3.322559313229646594e-01
8.040794257229343600e+00 7.791477860196813765e+00 -4.942269623749766083e+00 -5.785399247330506034e-01 8.048885458909874613e-01 6.760350236110591604e-01
-7.548052167990560335e+00 -5.252341380878311483e+00 -4.224734078442230256e+00 -4.151110973795644338e-02 1.160997890343035355e+00 -4.084239516329437047e-01
-8.868162676521480769e-02 -5.301999806862129461e+00 1.072671879968563502e+00 -2.121561406399574690e+00 -1.523276028075776223e-01 4.237415394401668478e-01
-5.809532153990705439e+00 -5.784321883344325954e+00 -3.342520668764604963e+00 -9.485970561476060325e-01 1.175439511994443853e+00 -1.462351795243647112e-01
-5.760310366049992581e+00 -5.795964746580768434e+00 -3.313736807719943833e+00 -9.742171205928129574e-01 1.170950400703516525e+00 -1.382868284188686347e-01
8.332047352170832255e+00 8.317445708561383100e+00 -6.046139624002833557e+00 -1.511310164047653171e+00 3.534799327866649521e-01 5.887181720858841727e-01
5.756327550330333054e+00 1.737051571366099445e+00 3.059517908203919667e+00 1.926292893202354195e+00 2.015031106305818082e-02 -3.751985524663160043e-01
7.599533076714681812e-01 -4.848638758728725406e+00 1.805158982138217461e+00 -1.904229433165342655e+00 -4.136779776757661398e-01 3.748732522513766319e-01
7.820824913277920842e+00 7.342106768907996184e+00 -4.033922830660341852e+00 9.854333577041760051e-02 1.061488727098617524e+00 6.765473979367306878e-01
3.291077148481406311e+00 -2.602172170145171659e+00 3.613320844262778664e+00 -4.536864585155571117e-01 -8.902692824806610616e-01 -5.454892292996115638e-02
2.216737541729631514e-03 -5.259673613302117801e+00 1.151400200582855415e+00 -2.105118387619145714e+00 -1.814549366013775977e-01 4.199592608805837179e-01
5.273572964730822932e+00 6.276752225002464325e-01 3.596306553114421600e+00 1.473130186113620343e+00 -3.479833101537325168e-01 -4.054891616753381611e-01
5.430116536100173086e+00 9.708321716612232644e-01 3.457780257497386600e+00 1.630285642914654165e+00 -2.394090663546622755e-01 -4.055488537301286667e-01
6.442092785024138735e+00 3.583155953606919297e+00 1.573044503835713481e+00 2.272033780278364112e+00 6.965247249255088757e-01 -1.326286579535347343e-01
4.711364286216886299e+00 -4.793575294138305298e-01 3.870299524479448028e+00 8.921577880809765659e-01 -6.422791164117571672e-01 -3.519836723384264787e-01
8.638313410936145686e+00 8.814477212717127586e+00 -7.091118139654863484e+00 -2.499299628428731879e+00 -2.330531786859574295e-01 3.941106135870831584e-01
7.284529771656890418e+00 6.032835150374978639e+00 -1.656687415889850801e+00 1.476457183621581626e+00 1.293711796365188960e+00 4.510326015500470409e-01
-1.627611713135792115e+01 4.378513269506744132e-01 -4.229796620981979061e+00 3.858723125844105262e+00 -1.130449841660430721e+00 -1.625330978292582051e-01
-7.734925887449126680e-01 -5.580776717494226880e+00 4.748401115601370570e-01 -2.207279509936097561e+00 6.577766114943209286e-02 4.289951094509965590e-01
4.760955349297312011e+00 -3.890326970850126465e-01 3.857779059351730488e+00 9.431333129540122595e-01 -6.218107960374268384e-01 -3.592498273664948560e-01
3.673768586956001947e+00 -2.108896452837591973e+00 3.772794453198939468e+00 -1.240103968174666310e-01 -8.786757585180690056e-01 -1.420678199862677737e-01
7.042992334058345349e+00 5.351427215012776628e+00 -6.030970118917500233e-01 1.890841284662566624e+00 1.212779707650951000e+00 2.800147394614174168e-01
-2.430102221699393539e+01 8.204622914163865133e+00 6.638964524725354810e-01 2.817807873306423794e+00 -2.372571947711082263e+00 1.024880481717140412e+00
1.059961372080379771e+00 -4.658226479695894540e+00 2.055433465017569183e+00 -1.798973960074593759e+00 -5.005727784425479943e-01 3.430900111904892635e-01
5.710060409207761367e+00 1.624129419760671267e+00 3.125325428605252753e+00 1.888206858144427347e+00 -1.844519320204345350e-02 -3.822953290196004494e-01
4.741217083364539064e+00 -4.253832401226474991e-01 3.862871293426058728e+00 9.219821198271194174e-01 -6.303015005076652022e-01 -3.563117001257680161e-01
5.597587316593477524e+00 1.355119634863090061e+00 3.273461401566172491e+00 1.788189817915696533e+00 -1.120243855583450132e-01 -3.955422004393905344e-01
-8.306824233077414021e+00 -4.943371731884433906e+00 -4.519885645560346887e+00 3.919440816437005370e-01 1.086381353124552529e+00 -4.995643556535424579e-01
-5.785391890490621414e+00 -5.789569296559359479e+00 -3.328072070113885950e+00 -9.590277790268719738e-01 1.175048757091129881e+00 -1.422376696337073754e-01
-1.973417976360753556e+01 3.593635051856816975e+00 -2.513682673687271940e+00 4.025022156648100591e+00 -1.993482875734304161e+00 4.181667362842939606e-01
4.933640471950684336e+00 -6.355703018098501911e-02 3.798251992255134546e+00 1.123085320034094892e+00 -5.421711073142835291e-01 -3.813833283865830093e-01
2.005677161615341486e+00 -3.935292034378623516e+00 2.804881061242109119e+00 -1.349373693800402840e+00 -7.354360440440379509e-01 2.084949569490747723e-01
-1.740812445021366628e+01 1.434181571850659642e+00 -3.755527317043666713e+00 4.008836647577883383e+00 -1.458034089021875923e+00 2.715577685341806838e-02
6.455715660161486902e+00 3.622483759571028639e+00 1.532457935888065448e+00 2.272338763202441658e+00 7.110322277935372526e-01 -1.248683919956727062e-01
-8.232138338824190882e+00 -4.975338019933291278e+00 -4.492836417050590114e+00 3.518925387568999641e-01 1.097466699683544711e+00 -4.920852748439825119e-01
6.659998145817416670e+00 4.222042981277406071e+00 8.767258921104712499e-01 2.232606444305308635e+00 9.144396558606951997e-01 1.693998961707222917e-03
-1.149533802558902451e+01 -3.201705171271883366e+00 -5.117017417714471605e+00 2.155219194243867875e+00 4.015918686902498758e-01 -6.550542025395451606e-01
4.428076332527470349e+00 -9.723320395917882664e-01 3.906050114197644696e+00 6.007595618287409067e-01 -7.420488244175768022e-01 -3.034256088233552862e-01
6.191685063019072288e+00 2.874605519674538812e+00 2.233671786251240299e+00 2.211219129814284035e+00 4.371976237222428008e-01 -2.531884619997327168e-01
1.159447326079563245e+00 -4.590920800189257633e+00 2.137937102957558455e+00 -1.759647931907905916e+00 -5.282950600871266778e-01 3.318791196429004553e-01
-4.316170134569818018e+00 -6.023724328118801097e+00 -2.371580713393568907e+00 -1.597989871832928177e+00 1.000697280972179470e+00 9.590640048089331404e-02
6.552463071778561243e+00 3.904550922668856394e+00 1.233858564215163600e+00 2.264243423252612519e+00 8.099754175048264893e-01 -6.745435333074986661e-02
7.501804131988940583e+00 6.600066494300229181e+00 -2.632271906074618251e+00 9.817944686075563698e-01 1.271202457441498845e+00 5.764178989946722176e-01
-2.029243361897749054e+01 4.135729238692075427e+00 -2.181856461230619715e+00 3.942663669778416313e+00 -2.088755951912743214e+00 5.166979507887445866e-01
-1.505541468605298139e-01 -4.270258634350969196e+00 2.296520689638137824e+00 -3.111266563925420225e+00 8.321845324023529056e-01 -7.123491495777027893e-01
4.357933122428168105e+00 -1.087999084704867059e+00 3.906939390984890181e+00 5.311355435048019658e-01 -7.621280750677024152e-01 -2.900571007768349419e-01
6.766484007659391509e+00 4.538205561734326210e+00 4.961377572243939049e-01 2.175209945917247367e+00 1.011441329221669072e+00 7.530147746130329278e-02
6.867733209421613694e+00 4.838485201728271790e+00 1.108024441626019319e-01 2.094524590299614797e+00 1.095181760674817095e+00 1.488702800905844503e-01
-1.365453540728413628e+01 -1.686354986623985086e+00 -4.955349263582217390e+00 3.137516422141126249e+00 -2.774477009483329315e-01 -5.267754907691911681e-01
-3.652410619054735630e+00 -6.055322431575753228e+00 -1.884250727357706712e+00 -1.815683059972529989e+00 8.818201127722888888e-01 1.980760923819367969e-01
3.950722882762712551e+00 -1.718610086119468416e+00 3.854138923192098609e+00 1.320348845144342365e-01 -8.479239690994961887e-01 -2.044480208821782830e-01
1.300597232385141799e+00 -4.491705072346935168e+00 2.254705877903560918e+00 -1.699658736080822408e+00 -5.665862301607026419e-01 3.156532275020223488e-01
-7.576636524193128608e+00 -5.242388461181903381e+00 -4.238417280980209867e+00 -2.424709211782440782e-02 1.157193008097057163e+00 -4.113712143232530205e-01
8.284886666128901567e+00 8.236473374377963452e+00 -5.875010649118577177e+00 -1.359050916051250724e+00 4.343224082381220708e-01 6.095255415117925013e-01
4.956249923421506054e+00 -1.982233702065672176e-02 3.788480951111762529e+00 1.146368595566806370e+00 -5.309100747535778764e-01 -3.838177763490495109e-01
8.473245802150566774e+00 8.555290005118683538e+00 -6.544574301530253990e+00 -1.968656133269897524e+00 9.271301144092683466e-02 5.094246554659653814e-01
-2.674774648137232091e+00 -6.016234901566328119e+00 -1.116517232877624721e+00 -2.066205464658704472e+00 6.466038854112905465e-01 3.221840871862244327e-01
-2.380590544949854959e+01 7.688289691580917129e+00 2.720571704065586349e-01 3.003306094187444319e+00 -2.374326164732302402e+00 9.843258505159331317e-01
6.924676470377193915e+00 5.005963916550651760e+00 -1.153820058440943042e-01 2.037213648223418438e+00 1.138202911269558415e+00 1.914760178990106143e-01
-4.333020374147118936e+00 -6.022496093767740533e+00 -2.384074981482513067e+00 -1.590443126184461153e+00 1.004039721315937106e+00 9.326173144979159335e-02
-1.133506121880253764e-01 -5.313354750952028027e+00 1.051132048132893182e+00 -2.126037342553247722e+00 -1.445325725667239991e-01 4.244023469686159511e-01
9.084278148143942744e-01 -4.691418403960369687e+00 2.001773226139636819e+00 -1.904767893688501745e+00 -4.017023356046118820e-01 2.940945587922874638e-01
6.807967896446820433e+00 4.661164947240962420e+00 3.406737162719256640e-01 2.145228308907982218e+00 1.047259472577538819e+00 1.052327775010457878e-01
4.982301318203564477e+00 3.111166776964708475e-02 3.776609843170177783e+00 1.173648401223395643e+00 -5.174936949072941328e-01 -3.865398720352167250e-01
-8.935113086065602062e+00 -4.653970030538191693e+00 -4.718645505092768033e+00 7.494252333056929949e-01 9.960059644401465517e-01 -5.620455457863111626e-01
5.023624478504704172e+00 1.128008717388002125e-01 3.756395231565258008e+00 1.217259749021805337e+00 -4.953985723451528878e-01 -3.906002574213935374e-01
9.204933144823801427e+00 9.628283046318294680e+00 -8.738359106078601002e+00 -4.258832748857606987e+00 -1.499492318089031384e+00 -1.808698981358890512e-01
4.644154142428948973e+00 -6.001524378768657852e-01 3.883950408804288212e+00 8.218530049136469895e-01 -6.688230854607597475e-01 -3.413683998408160725e-01
-8.852831715850580707e+00 -4.693694434514047664e+00 -4.695192738281757094e+00 6.983944260301524487e-01 1.007635368551844657e+00 -5.540951370373389251e-01
7.170869080242298743e+00 5.915141510995188590e+00 -1.299612347914641308e+00 1.512138665001568238e+00 1.377981319876775412e+00 3.145086406009088842e-01
5.234340838309310406e+00 5.449834777722428747e-01 3.625479047942934407e+00 1.435577148511615331e+00 -3.716672253620209032e-01 -4.045243965047521928e-01
-1.029105398355420586e+00 -5.666709585690437478e+00 2.522006543642173471e-01 -2.220711180922575245e+00 1.462545410606534424e-01 4.229855748302071006e-01
-7.855427552692133553e-01 -5.253654749149094805e+00 8.956865242973983676e-01 -2.563775243297159001e+00 3.936109877742037799e-01 5.688765080485647108e-02
5.877479403376950629e+00 2.040549942425011753e+00 2.866655498092629095e+00 2.022270898725960997e+00 1.294051476943636481e-01 -3.516001037885910230e-01
3.386050186546947671e+00 -2.484554851364271233e+00 3.657188604349161487e+00 -3.748385734144215609e-01 -8.903752296221000284e-01 -7.628478061988008818e-02
-1.508624287642907547e+01 -5.606515220395289489e-01 -4.627643079504956347e+00 3.593781702468006767e+00 -7.538069677184888739e-01 -3.456195628034043899e-01
2.649187062647492930e+00 -3.324689070778885647e+00 3.251302833786500202e+00 -9.425094287897349821e-01 -8.441050052646410506e-01 8.585851786668492747e-02
2.599248951866770518e+00 -3.375785638182818627e+00 3.219599799654123462e+00 -9.766167592554397814e-01 -8.377241247023770043e-01 9.635313733313949358e-02
-9.997270968288263226e-01 -5.657108842995102194e+00 2.779748428292515561e-01 -2.219190001868059703e+00 1.374052965220934897e-01 4.243581553548304020e-01
-2.508707319634157606e+00 -5.996172645055837691e+00 -9.795405641125953800e-01 -2.090086192658080044e+00 6.084206251108033037e-01 3.440663383409508502e-01
4.306241485123543100e+00 -1.172382102662707259e+00 3.904946945524614854e+00 4.781600707804695150e-01 -7.760239514741384959e-01 -2.797761238173671061e-01
6.851173216655767284e+00 4.789528303694178035e+00 1.753356673902236595e-01 2.109548445388305993e+00 1.082102740838789767e+00 1.366330466134147159e-01
-7.444266197588284228e+00 -5.172661781038103257e+00 -3.962321428581997651e+00 -3.983164242813250766e-01 1.418579728178696042e+00 -6.136761009804210243e-01
-7.168095280693664861e+00 -5.391260849247670350e+00 -4.057337880528606000e+00 -2.549956452128380735e-01 1.179296310113408186e+00 -3.555238865924898461e-01
6.102171572487530504e+00 2.630298989147073385e+00 2.434824174699574684e+00 2.168061238747567288e+00 3.466635055258354692e-01 -2.870165263379121368e-01
2.530709972917853268e+00 -3.445102033896944249e+00 3.174514998319069470e+00 -1.023531219209607102e+00 -8.281898389154098705e-01 1.101261507979761356e-01
7.609938886599945107e+00 6.864612713318539505e+00 -3.115432061420547072e+00 7.000144040632230169e-01 1.222834011714680758e+00 6.226517873706158834e-01
7.365182371621693314e+00 6.248748861998743465e+00 -2.018028264340967937e+00 1.305110926879657907e+00 1.296815625700719288e+00 5.019383885384546273e-01
-9.939290347268187276e+00 -4.133763439000297524e+00 -4.952194254953322883e+00 1.331377510903814620e+00 8.055998525403540445e-01 -6.326469340956777376e-01
-2.239109887168696744e+00 -5.961595631837591114e+00 -7.574999658517549417e-01 -2.138384085775220544e+00 5.288985377498749418e-01 3.672391805986388591e-01
-1.080993109061929047e+01 -3.630858471038858504e+00 -5.075444468717816626e+00 1.800522544039263817e+00 5.893261228833606147e-01 -6.553936064254409777e-01
-1.182231753232597171e+01 -2.987488845667681581e+00 -5.118896589157795773e+00 2.328073716749767375e+00 3.083136752942806091e-01 -6.502375868624595823e-01
7.611227529479730691e+00 6.867478654066033528e+00 -3.121079233184940627e+00 6.965127379034770083e-01 1.222270512895439420e+00 6.232218015953601142e-01
6.379002361527334131e+00 3.401465013548481409e+00 1.753210125221199789e+00 2.266212375704679260e+00 6.313774389690085531e-01 -1.665229766364769437e-01
-1.026390873780880142e+01 -3.951987172757753797e+00 -5.007837869930090946e+00 1.500057286562372916e+00 7.270121798152453518e-01 -6.439006953931991628e-01
-1.171138573000342742e+00 -5.710042025075417804e+00 1.292728340524322284e-01 -2.222922358803872456e+00 1.912782563074416076e-01 4.188070526570779051e-01
3.245352535420571449e+00 -2.657828890797578669e+00 3.590884322754951175e+00 -4.914741302529466171e-01 -8.894841023887201104e-01 -4.422660155394250031e-02
-7.263277821143833357e+00 -5.357862488465926276e+00 -4.101253828122712441e+00 -2.002446957389395488e-01 1.175693359924270709e+00 -3.690165737222064757e-01
1.374474522259688136e+00 -4.438941899446422923e+00 2.313284714074427484e+00 -1.669068336306091638e+00 -5.863223174398769499e-01 3.044696769261444058e-01
-1.644510525839581305e+01 5.831316058451003759e-01 -4.156965473847222370e+00 3.908499378235582356e+00 -1.180404477656640916e+00 -1.446842370594441096e-01
7.181083974073338538e+00 5.745625240211989393e+00 -1.198533659652230465e+00 1.672363571904876611e+00 1.272550109441682453e+00 3.808451534106195857e-01
-7.477934350179653578e-01 -5.570964742138640347e+00 4.980299015935711338e-01 -2.203853896627204101e+00 5.866748816167691866e-02 4.309131436807245863e-01
4.297592659905330459e-01 -5.040786795765326289e+00 1.521240487012050391e+00 -2.005827659058323498e+00 -3.148920125179157647e-01 3.977162737679370008e-01
2.559895750028646333e+00 -3.415726459783768654e+00 3.193857041511162009e+00 -1.003629534813800905e+00 -8.323397457703436420e-01 1.043106588287974756e-01
8.515526690196548287e+00 8.621825243860513410e+00 -6.686834707343798812e+00 -2.104740443522742588e+00 1.271976816908324676e-02 4.832562133770003654e-01
-1.328402922564409749e+01 -1.963098589956412177e+00 -5.018357771038926884e+00 2.973368360931491594e+00 -1.596113116906072160e-01 -5.538056432284116370e-01
4.945313186850347265e+00 -4.090304124036958644e-02 3.793269049199253562e+00 1.135517529918863122e+00 -5.362139436421462513e-01 -3.827061760801632739e-01
7.639988949200637869e-01 -4.847016310372327830e+00 1.806954846084782407e+00 -1.905025870083540296e+00 -4.153814892454006924e-01 3.723171463487818245e-01
-3.218071576876451445e+01 1.686550759241483988e+01 7.652441706833195134e+00 -2.143726760289812017e+00 -7.921374103220105711e-01 9.286379401986433191e-01
5.886143173323590716e+00 2.062726332487349712e+00 2.851281046108048223e+00 2.029095807107106797e+00 1.381440882810520132e-01 -3.495762279822037244e-01
7.363124438002172312e+00 6.244192322491847413e+00 -2.008895080993836402e+00 1.309858622838444120e+00 1.296197198190163213e+00 5.003294776556266310e-01
4.939174177072606753e+00 -5.289430114687693196e-02 3.795909443863389132e+00 1.128811199404927912e+00 -5.394119263750153381e-01 -3.819956624737003703e-01
7.369652062422552774e+00 6.259305159427869469e+00 -2.037952443863732643e+00 1.294908885021862632e+00 1.297586119813359806e+00 5.051404611619702001e-01
-2.801083853640347243e+01 1.219795113414103938e+01 3.770814683348803875e+00 8.602407755253056454e-01 -1.962080852521942198e+00 1.186124933402053383e+00
7.326177689575509078e+00 6.144246917505320482e+00 -1.842929592201209443e+00 1.389692141299900374e+00 1.297659331406041172e+00 4.782348278442324907e-01
2.239674399848559538e+00 -3.725575291493655072e+00 2.974369084511955919e+00 -1.211554190631306760e+00 -7.807732057481601151e-01 1.661662173711817014e-01
7.259210426311884845e+00 5.964051758072705489e+00 -1.543809621361642570e+00 1.527096906429990630e+00 1.289835274748446281e+00 4.340828244407702319e-01
-1.367681419712420299e+00 -5.764916014424589008e+00 -3.981873009197559043e-02 -2.220054349099073399e+00 2.537719999203910670e-01 4.119161013903872015e-01
-1.335281585137336435e+01 -1.912102778991227714e+00 -5.005999523016974706e+00 3.009879597562645337e+00 -1.799381475997013369e-01 -5.515311677539131985e-01
2.970190981851290157e+00 -2.978786312221387789e+00 3.444740972345801566e+00 -7.086629917706446236e-01 -8.762570788446061298e-01 1.719623073075080694e-02
4.695947484165282404e+00 -5.074019685346338182e-01 3.873674095057790367e+00 8.755801529042188669e-01 -6.486318263549248897e-01 -3.495611239330460029e-01
3.918175074957599868e+00 -1.766149076332002466e+00 3.846059766953903392e+00 1.008067172633489439e-01 -8.525865350417609623e-01 -1.972399250421726924e-01
6.282526573510102352e+00 3.127611993448405237e+00 2.010561578959594087e+00 2.244482267269200193e+00 5.313061837131385357e-01 -2.137772675621599505e-01
6.135124797411052100e+00 2.719623773527258592e+00 2.362744913892480092e+00 2.185089039214007656e+00 3.798551475799602506e-01 -2.751056180707097121e-01
-1.891914049932525899e+01 2.818153084890498761e+00 -2.981132613547788246e+00 4.075218204347203610e+00 -1.827190458373011417e+00 2.821577702502556795e-01
7.573258323760139632e+00 6.775753128431277084e+00 -2.951971857939940769e+00 7.978542998927156127e-01 1.242395052021344037e+00 6.085605014415810254e-01
1.403883661069710076e+00 -4.417088589392053066e+00 2.337853726560743528e+00 -1.654945056625602762e+00 -5.939156949642682148e-01 3.014411436924467336e-01
-3.583651228929355947e-01 -5.420834930644906180e+00 8.369270481452333321e-01 -2.164942401345355094e+00 -6.681850100887756772e-02 4.288021671930056233e-01
5.286303675355549458e+00 6.557572461208711623e-01 3.585446318948481981e+00 1.488545074923938838e+00 -3.379367817268641438e-01 -4.060555484005631821e-01
-1.623473749397928145e+01 4.029206849579017868e-01 -4.232775621606282179e+00 3.871157659217017599e+00 -1.108916051141033865e+00 -1.880727051738531608e-01
-1.884339641308434210e+01 2.747683583956034958e+00 -3.026911805664007638e+00 4.066944873083444101e+00 -1.809328007068786270e+00 2.737212055550951040e-01
5.244104430659827898e+00 5.652299933736787407e-01 3.618588660179851146e+00 1.444150248916287183e+00 -3.663422748098992821e-01 -4.047179286708197377e-01
7.454626677556720260e+00 6.481073459025699535e+00 -2.420364727539148664e+00 1.097870717895830683e+00 1.284364208612857272e+00 5.524896320343125611e-01
4.045928421378730988e+00 -1.577695594218973874e+00 3.873814319865144018e+00 2.222769937259990447e-01 -8.324294035679709047e-01 -2.253196983245062401e-01
-2.797247903757074106e+00 -6.027249220419032660e+00 -1.215815445185629784e+00 -2.040280508433131246e+00 6.793186021787860351e-01 3.086216223191055597e-01
6.307785023956351544e+00 3.198522855269732901e+00 1.943649978909528730e+00 2.251769425101135091e+00 5.593694297631034429e-01 -2.015418757811036077e-01
6.901587816636662431e+00 4.938238391466244437e+00 -2.286175397992459835e-02 2.061522082819572166e+00 1.121116280606636817e+00 1.741047491083721754e-01
-2.380050735162624331e+00 -5.982082324683277719e+00 -8.750466335826523334e-01 -2.116962744039697419e+00 5.683623705564915252e-01 3.535134702816446484e-01
5.328615944182190312e+00 7.465203867282571570e-01 3.551234772161983244e+00 1.528985261635839477e+00 -3.112180037366639174e-01 -4.064415016741320108e-01
4.621103636823926664e-01 -5.022423203123310920e+00 1.549936976771973951e+00 -1.995750593891612468e+00 -3.243785424015747654e-01 3.968752808385679898e-01
8.707176314928462446e+00 8.919028510219149553e+00 -7.309628498217319859e+00 -2.719076629312499271e+00 -3.760695077710923262e-01 3.382532668628628891e-01
-1.197316845967799104e+01 -2.886801572251298964e+00 -5.116947524779014600e+00 2.402936682766225296e+00 2.631474585008407030e-01 -6.454751920058773296e-01
5.969837946297628761e+00 2.278808298409580768e+00 2.701199506183531440e+00 2.087982648031608157e+00 2.167728284864335886e-01 -3.284515957580206869e-01
-1.067000573427704069e+01 -3.714451136965882583e+00 -5.059487119600516891e+00 1.730539498387485775e+00 6.287264145643588487e-01 -6.559635984937723929e-01
6.043303325824646244e+00 2.472505684336649523e+00 2.557145243037435289e+00 2.134913311451787976e+00 2.889493555322086293e-01 -3.065968625336797371e-01
5.548354980420341143e+00 1.240176708529061589e+00 3.331897299888167296e+00 1.742803034623666036e+00 -1.508768824600388581e-01 -3.996297866813416921e-01
6.685633453728657472e+00 4.297959355853679497e+00 7.873260336776233270e-01 2.221204430262746943e+00 9.387149602564447415e-01 1.906778846197807603e-02
5.666921539635248806e+00 1.519810365196577528e+00 3.184866889373317633e+00 1.850253673739083782e+00 -5.545761148556928311e-02 -3.880412669836221240e-01
6.007748783597449460e+00 2.378312873836846641e+00 2.628189993514155276e+00 2.112885654292940174e+00 2.538425001110927171e-01 -3.175538478775734030e-01
-1.746917610272479493e+01 1.491073456174183187e+00 -3.721789786872044203e+00 4.007655990142239055e+00 -1.463568830754077288e+00 2.571395437608909457e-02
-2.299295074798066274e+00 -5.969869202318594859e+00 -8.073569668813957989e-01 -2.126785133419355489e+00 5.482623171893226122e-01 3.631412615003199451e-01
-1.248964847067063788e+00 -5.732574599179248054e+00 6.206517352193666182e-02 -2.222860267989279492e+00 2.158038599897432741e-01 4.159985860247933931e-01
-2.056817507487267438e+00 -5.931767158239145132e+00 -6.050311506240086956e-01 -2.160176781883748731e+00 4.782444733169171625e-01 3.839450410504796074e-01
5.123503553109565622e+00 3.137282920068743541e-01 3.700603183275092078e+00 1.319624228318872827e+00 -4.401629694773014356e-01 -3.984343861309941892e-01
7.157957203783361422e+00 5.681073862562644905e+00 -1.097208817269283543e+00 1.712660770447005154e+00 1.264318817633283354e+00 3.641125434648457282e-01
-4.223031404238698272e+00 -6.031000248322436974e+00 -2.305415622426912670e+00 -1.629498777808129573e+00 9.867001541126928510e-01 1.108245994574726945e-01
-8.500732845496437040e-01 -5.607259833529635529e+00 4.083593630462697410e-01 -2.211609739126433105e+00 9.049729785252241809e-02 4.283094457884612516e-01
-2.872768659556024229e+00 -6.033546342525105466e+00 -1.276826280671413461e+00 -2.024978127780317827e+00 6.977000596545077649e-01 2.992148642653048030e-01
6.286883662574959786e+00 3.139942336655106470e+00 1.999811779877250562e+00 2.245721427700996919e+00 5.353488227799216848e-01 -2.118639242548873147e-01
-1.157928714972233131e+01 -3.147047109012922395e+00 -5.117424724494107124e+00 2.204089871515529708e+00 3.796166387111345464e-01 -6.559049214970619213e-01
3.676094741366599639e+00 -2.105701310117009228e+00 3.773692315798249375e+00 -1.217832436726748596e-01 -8.785175038810031367e-01 -1.425853240130836586e-01
7.569137422927518344e+00 6.766193068804499333e+00 -2.933739349788050177e+00 8.087577190362537083e-01 1.244026611918827907e+00 6.066657943755198179e-01
7.367266037731759809e+00 6.254766839731608741e+00 -2.027459085836877062e+00 1.300593533574146754e+00 1.296301283661791537e+00 5.029732960787600682e-01
2.045290222467020413e+00 -3.900464292953586209e+00 2.834751179604245053e+00 -1.326096657828603753e+00 -7.436386496947315905e-01 2.020547912197077078e-01
-1.449328744244228950e+01 -1.037536271011898048e+00 -4.785730483917204126e+00 3.417802560254786570e+00 -5.589584435926288064e-01 -4.248085100606781017e-01
2.710578768575925057e+00 -3.260972941044450124e+00 3.289623768140721438e+00 -8.998525157346506376e-01 -8.514116368938060564e-01 7.282901641474150145e-02
6.674492969423440059e+00 4.264366875124620648e+00 8.254758950594318634e-01 2.226112832585771528e+00 9.293914495087104433e-01 1.187822644390135879e-02
-1.794011558673180673e+01 1.916173474426151602e+00 -3.500245481740183351e+00 4.050937199290486568e+00 -1.598678359960319817e+00 1.154631811689424414e-01
-4.790561265531245283e+00 -5.971366852990396268e+00 -2.699524293693665200e+00 -1.410489036668036711e+00 1.073734708738279142e+00 2.048887154048046472e-02
6.591206173178377092e+00 4.018893299448444090e+00 1.108933198326465863e+00 2.255827908148530625e+00 8.475214785761375769e-01 -4.341731678123843946e-02
4.711772391213363775e+00 -4.786046287737433791e-01 3.870212641019525446e+00 8.926280775241761667e-01 -6.421014547251895355e-01 -3.520506647992781013e-01
-3.420412683146126120e+00 -6.057411539367272724e+00 -1.708149552465317633e+00 -1.889539392581812915e+00 8.264922722748785366e-01 2.282440737858672242e-01
4.773635248214214144e+00 -3.655844428048774519e-01 3.854316922171459936e+00 9.566533437653474969e-01 -6.162902012207327473e-01 -3.610968667602407201e-01
-8.577902920121896813e+00 -4.822757351840028406e+00 -4.611660527627913453e+00 5.400482530652224167e-01 1.046867576595802429e+00 -5.268004001769743816e-01
8.315646091945632090e-01 -4.805397855515760597e+00 1.864112434741394431e+00 -1.882155018683992820e+00 -4.351432493348434405e-01 3.662333795716898321e-01
5.719670084420401146e+00 1.647351677576270879e+00 3.112332488865430236e+00 1.895826508672868282e+00 -1.102736885910636858e-02 -3.809063906416820244e-01
-7.538091423908866773e+00 -5.256271227091423803e+00 -4.221165791649486465e+00 -4.201567184991924359e-02 1.162910696995436366e+00 -4.069788173315335711e-01
5.509637761574751380e+00 1.150778710131346916e+00 3.375676041977865083e+00 1.705858234966047160e+00 -1.812075349004753366e-01 -4.021189535771526047e-01
-1.621179158269764109e+00 -5.829289938187531384e+00 -2.579233850399901828e-01 -2.212170611422815902e+00 3.298208854625585551e-01 3.963289029130203089e-01
6.020536232102633889e+00 2.412118457872749033e+00 2.602259192687953693e+00 2.121261530385611938e+00 2.672311332241717463e-01 -3.136009816864585020e-01
-2.409789384233912646e+00 -5.984686017358175292e+00 -8.985669325202941815e-01 -2.109213066585556184e+00 5.793009150130605800e-01 3.527652841988411780e-01
3.024487971256103691e+00 -2.917115276551950576e+00 3.475645608912000029e+00 -6.663846995424700381e-01 -8.801131025803666796e-01 5.438391012619732401e-03
7.357221111617514353e+00 6.227683791661416279e+00 -1.982258555353407781e+00 1.322698900678772382e+00 1.297117626674189284e+00 4.971275932167498746e-01
-1.004934065645239372e+01 -4.072769811597291678e+00 -4.971665140193953114e+00 1.394601195774791913e+00 7.810373166700090852e-01 -6.377620299170553286e-01
3.613447622803799497e+00 -2.190134647685768599e+00 3.750875507669454212e+00 -1.780878145230236353e-01 -8.827192959300212971e-01 -1.283163015255963102e-01
-1.007373234664307482e+01 -4.060124350586558073e+00 -4.978428463962526251e+00 1.397189310301387488e+00 7.697558189111027849e-01 -6.348905875842266733e-01
-1.546505409848819124e+00 -5.810990087769025259e+00 -1.936664926079372240e-01 -2.214545773126912920e+00 3.083200503109661539e-01 4.019322805479689786e-01
5.386152012967303726e+00 8.727618610492856588e-01 3.500070382172110861e+00 1.586448504609841770e+00 -2.713684792731406170e-01 -4.063502935879517719e-01
1.716091912201943792e+00 -4.177413338635303397e+00 2.584387892812573195e+00 -1.505916394127829072e+00 -6.712872692049283163e-01 2.555506284459088673e-01
5.746825380103737224e+00 1.713768311870421890e+00 3.073182296533689239e+00 1.918695666071788430e+00 1.233921249250511526e-02 -3.767315661132957794e-01
8.748139807452972150e+00 8.980980212287215991e+00 -7.437636782735025598e+00 -2.849419678845334758e+00 -4.635157835471644394e-01 3.024850111517958795e-01
7.353998478420788132e+00 6.218111075221440132e+00 -1.967668093088426939e+00 1.329549774182394284e+00 1.298034266134397097e+00 4.955991151088151025e-01
2.310360353968520797e-01 -5.146210587415810167e+00 1.350240099588221998e+00 -2.055320844130794633e+00 -2.531115332985371946e-01 4.102170748256144805e-01
1.665776808592543734e+00 -4.217496039036433331e+00 2.545279373733411177e+00 -1.531234966777150319e+00 -6.593531049000793676e-01 2.633405062167200050e-01
-2.152382001683357871e+01 5.353769237516913471e+00 -1.382845151415613039e+00 3.709114046503566353e+00 -2.253206184890460761e+00 7.060579498044119440e-01
9.846006620040039792e-01 -4.707774988312727338e+00 1.992910099621675979e+00 -1.827124725669051042e+00 -4.792024753417438165e-01 3.514746895980316865e-01
-4.491172515830827550e+00 -6.007235047671240835e+00 -2.494844892283688331e+00 -1.530710320810229952e+00 1.029509105782963951e+00 6.836574656792465676e-02
3.792732864135786919e+00 -1.945024757737206400e+00 3.811362330805325271e+00 -1.624727626641748676e-02 -8.679016029772951279e-01 -1.691228023403519576e-01
-3.798326330006407403e+00 -6.053217525024002121e+00 -1.994595419102066725e+00 -1.773398569799210733e+00 9.084622661256760434e-01 1.754630133375041923e-01
4.949384696533441819e+00 -3.257342969992926829e-02 3.791483862080375467e+00 1.141137352524773441e+00 -5.336142700088375435e-01 -3.833169001296555245e-01
1.289769684351588896e+00 -4.499304018339639555e+00 2.246141090656865735e+00 -1.703986617813869398e+00 -5.636618220533332613e-01 3.173291849702985501e-01
7.117638912296600395e+00 5.567169119653378573e+00 -9.219312395243011160e-01 1.779407847501918827e+00 1.248085903894257775e+00 3.346859646106524200e-01
-1.390585651332262529e+00 -5.771844082396935249e+00 -6.033988583869379085e-02 -2.221589721412709828e+00 2.592222070956750613e-01 4.089727708543319795e-01
5.428291064374406005e+00 9.664303528238434859e-01 3.460066997723795446e+00 1.627493681806754022e+00 -2.415907466976918161e-01 -4.055128575322287099e-01
6.536067200223357077e+00 3.856817221675093776e+00 1.286669288877312134e+00 2.267010486798429980e+00 7.926207427500314706e-01 -7.777970232495437508e-02
-1.062897064151961946e+00 -5.677190522482661095e+00 2.230228179770785413e-01 -2.221290320244601268e+00 1.571586308089353845e-01 4.223150565438089088e-01
-8.192972019512795967e+00 -4.991939731843071826e+00 -4.478444360172372463e+00 3.308178331831779229e-01 1.103078993077224457e+00 -4.880516341532466496e-01
6.734267820521328218e+00 4.442274579963152448e+00 6.137126735876790029e-01 2.195356743912547870e+00 9.833533899621588192e-01 5.270766928440127896e-02
-3.611523573469695325e+00 -6.057205807457425095e+00 -1.854133391346009407e+00 -1.832516293973538879e+00 8.691749644756061599e-01 2.021193802909518611e-01
8.165225114517452809e+00 8.025171311505966187e+00 -5.428424829435922305e+00 -9.743951163059310083e-01 6.256646281909870044e-01 6.502832720041724635e-01
6.438128046681082850e+00 3.571718649013896574e+00 1.584755619119381453e+00 2.271878495376262741e+00 6.923167786399675450e-01 -1.348609157410654014e-01
-6.165120745831721649e+00 -5.698452902336198278e+00 -3.547567105651333375e+00 -7.798940764184418839e-01 1.185279661379363692e+00 -2.036621796612930746e-01
-1.852458404410165826e+01 2.448446765164900452e+00 -3.190804679714659642e+00 4.088422996462405479e+00 -1.737681712396803579e+00 2.114623536100330992e-01
2.591514160904242470e-01 -5.131515020685685435e+00 1.374822337820173157e+00 -2.048272423615911109e+00 -2.617356999374342852e-01 4.091156406746933594e-01
-5.982200164485977467e+00 -5.744315926463263722e+00 -3.443741947356639521e+00 -8.689137803833236751e-01 1.180304135719021819e+00 -1.743914924904196029e-01
3.450140771299144316e+00 -2.403264304639366244e+00 3.685643801005396014e+00 -3.199860229854312177e-01 -8.894743487286622674e-01 -9.087179783402959954e-02
6.549444719904888856e+00 3.895837315779536070e+00 1.243821244696057038e+00 2.264819709960580241e+00 8.065597799352131059e-01 -6.943345249372201433e-02
-4.780770913605184802e+00 -5.973498937717311108e+00 -2.693452151926772675e+00 -1.417637388681086907e+00 1.069645590919207967e+00 2.144389239401648523e-02
6.713737758974548164e+00 4.381683848333251419e+00 6.881216352044245976e-01 2.207099591009192618e+00 9.640772283202078130e-01 3.817060288688754743e-02
7.183147746319994198e+00 5.752616895147030007e+00 -1.207432726980049109e+00 1.669087026239758575e+00 1.272094932622037433e+00 3.817806805835943229e-01
2.806764291478587303e+00 -3.158399078312354114e+00 3.349620326298341055e+00 -8.296804988132491232e-01 -8.621039617900956298e-01 5.289207037408820422e-02
-1.441385001480435335e+01 -1.100269929742549557e+00 -4.803028873635261320e+00 3.396862071989994014e+00 -5.315039832310196610e-01 -4.372249190042364897e-01
5.182201232843132388e+00 4.351538505106789523e-01 3.662669354640176955e+00 1.380895406356127175e+00 -4.048438911680546926e-01 -4.020533678995336646e-01
5.577827212292470804e+00 1.309041169886310696e+00 3.296710019789362622e+00 1.770990818292765168e+00 -1.267754733929429556e-01 -3.973414860249286362e-01
4.245791252243165559e+00 -1.269178976438619655e+00 3.900973435229864617e+00 4.177234873343103061e-01 -7.910589950927752190e-01 -2.675364596000021078e-01
-2.820912329953315201e+00 -6.029531056639340747e+00 -1.235124033667743593e+00 -2.036226367217003119e+00 6.844986288862263679e-01 3.053051802087496935e-01
-5.422349806222880986e+00 -5.868104945926177152e+00 -3.109024564214085018e+00 -1.138468122020226181e+00 1.141385552231913625e+00 -8.327771690896335066e-02
1.816795317140062149e+00 -4.095352830670734079e+00 2.662217782042303860e+00 -1.453321082292363453e+00 -6.945120209884017015e-01 2.398254639231090779e-01
7.001524333476973005e+00 5.230377702606928025e+00 -4.297054172409172645e-01 1.946217146459986669e+00 1.189512893239372815e+00 2.493040454456936783e-01
9.114305630575476158e+00 9.504160080387645593e+00 -8.496434838116329047e+00 -3.985925159177016841e+00 -1.285779986056028834e+00 -7.305789840016940762e-02
-2.207963957530231269e+01 5.912280391914253030e+00 -9.930392103914749136e-01 3.581652327918868117e+00 -2.307873610111663254e+00 7.778366804603082940e-01
7.145640579185196017e+00 5.645706646853554389e+00 -1.043605762293439820e+00 1.733284232017426874e+00 1.260314414481597645e+00 3.554857471724541251e-01
-7.681860521431527644e+00 -5.201877016259390807e+00 -4.281995831131878205e+00 3.079078772865306846e-02 1.147958207874822723e+00 -4.250618796292554014e-01
2.915042692233243748e+00 -3.040448994799554772e+00 3.412852331871151890e+00 -7.506936918183080287e-01 -8.718628633068252753e-01 2.912562937878333119e-02
1.523978408557198572e+00 -4.327550126778220374e+00 2.433477540443512055e+00 -1.600171674501477126e+00 -6.245698766314997652e-01 2.842231073078708703e-01
-6.038904238071868491e+00 -5.730372167522733484e+00 -3.476193305167355696e+00 -8.413890560297918597e-01 1.182249865879020145e+00 -1.835053309213209305e-01
-5.378700525940434130e-01 -5.492213786686032329e+00 6.816079953701406069e-01 -2.183900658017156715e+00 -7.707133157270510543e-03 4.329267230572674818e-01
7.529946750492964025e-01 -4.853816996416511209e+00 1.797441137658716492e+00 -1.908892891820988202e+00 -4.121871861737739784e-01 3.730376835271386748e-01
4.989927639500246315e+00 4.597352890566003963e-02 3.773023464034986674e+00 1.181229044892829538e+00 -5.136798506539747011e-01 -3.872591453561572972e-01
-9.239845092796969084e+00 -4.503104829756152228e+00 -4.800018494189620455e+00 9.193683075649206060e-01 9.435022987922049298e-01 -5.875571483663846184e-01
-3.473300719768691813e+00 -6.057539610246103656e+00 -1.748657875825516239e+00 -1.873395182395259040e+00 8.392093310517299010e-01 2.214371289837831214e-01
-8.698966708235060352e+00 -4.766370850281427707e+00 -4.649105169186592335e+00 6.148531683747968657e-01 1.032086852119976195e+00 -5.396457368607630034e-01
5.908669816476212588e+00 2.120384785364284763e+00 2.812347796056084981e+00 2.045425221486148359e+00 1.588735540662269963e-01 -3.442726260067269783e-01
5.468079140878343125e+00 1.056054528199833697e+00 3.419931124788829546e+00 1.666122778089441869e+00 -2.124191237127773801e-01 -4.041654003673271212e-01
7.522986015601373921e+00 6.652481348483461510e+00 -2.727176625166250368e+00 9.282197507381618751e-01 1.263962473107944184e+00 5.865801704527765503e-01
-1.654560764898965175e+01 6.705624221923442985e-01 -4.118713381688632325e+00 3.920433963465396410e+00 -1.210695133447380112e+00 -1.262905352920021540e-01
8.659977242401250663e+00 8.846153902349719544e+00 -7.159139097175010846e+00 -2.568087294485296823e+00 -2.762874593815266566e-01 3.780569513024858996e-01
5.424240837557809058e+00 9.579191813447661685e-01 3.463170149100188944e+00 1.625315789225085794e+00 -2.430105079818011271e-01 -4.057687103043525201e-01
4.383636739733709931e+00 -1.046161220284007154e+00 3.906637343451210498e+00 5.556195276759632318e-01 -7.550508828585840160e-01 -2.949470889280532693e-01
1.818071380346585997e+00 -4.094305288165223544e+00 2.663191739027081617e+00 -1.452646230279481365e+00 -6.947955442227315981e-01 2.396190610940510946e-01
2.868294469757691978e+00 -3.091791710806687909e+00 3.385880383775687008e+00 -7.850818334351510330e-01 -8.678903066270340361e-01 3.943050309229249872e-02
-1.543902532620111501e+01 -2.705509755925032400e-01 -4.514577742702828189e+00 3.702150355576788510e+00 -8.659533831090728828e-01 -3.024567899280231620e-01
6.410893509613373453e+00 3.492936560753852504e+00 1.662857959069885094e+00 2.270033579386167233e+00 6.649114822912172151e-01 -1.495453080682405123e-01
4.535431796476792066e+00 -7.903195303711628705e-01 3.899076357937115045e+00 7.099210631903276614e-01 -7.078395413208051767e-01 -3.229753266881151830e-01
4.273416412834262879e+00 -1.225202607321098647e+00 3.903007669286595149e+00 4.451558888423888805e-01 -7.843361031716061804e-01 -2.731633317764340929e-01
4.339712667391036227e+00 -1.118215942890143699e+00 3.906015196696917435e+00 5.112765088979882577e-01 -7.672230839211733322e-01 -2.863859602037772123e-01
5.008096319150862286e+00 8.194179679938645711e-02 3.764200106705997140e+00 1.200671917637710084e+00 -5.038962748292779015e-01 -3.890920461035998756e-01
2.715160823488594222e+00 -3.255932625721770890e+00 3.293112946256436580e+00 -8.958594302339937254e-01 -8.520994915403881098e-01 7.219126540764315980e-02
8.070492213866920395e+00 7.847600280498231662e+00 -5.059583638594650878e+00 -6.723194933816052377e-01 7.649214047616302858e-01 6.720380216900148085e-01
5.621306102329328702e+00 1.410927150881391201e+00 3.244449262644485188e+00 1.809107912732776491e+00 -9.357888176708006878e-02 -3.931925240638921015e-01
4.107314030628568702e+00 -1.484663044398369935e+00 3.884552771947572758e+00 2.820284954126114352e-01 -8.210321347673728010e-01 -2.385523238358852882e-01
-2.295095506995636025e+00 -5.970218523490457230e+00 -8.045699033451962912e-01 -2.129940347700097547e+00 5.448407686854707110e-01 3.617766026475496832e-01
7.858972960321565893e+00 7.421735233893269168e+00 -4.194566345359161730e+00 -1.593101066435582969e-02 1.024437597430674973e+00 6.815266210534768332e-01
6.893084519420610512e+00 4.912801327620910818e+00 1.056731603801841501e-02 2.069913937256409042e+00 1.115298613431917163e+00 1.679765138439382188e-01
2.111414843958556720e+00 -3.841936816755779027e+00 2.883067593152744745e+00 -1.287723619895576377e+00 -7.567826221513248575e-01 1.902378556304225865e-01
-2.531286074751666781e+00 -6.001165268174426082e+00 -9.997346726295958108e-01 -2.092450288052589258e+00 6.088073370230178138e-01 3.375858519121996415e-01
-2.233837042517038896e+01 6.174944350489294465e+00 -8.102500991208939629e-01 3.508728708435906896e+00 -2.327091515397062604e+00 8.121437467295473667e-01
3.856594636378127383e+00 -1.854671632776659695e+00 3.829986774458784993e+00 4.318820460976523223e-02 -8.606565390511438096e-01 -1.834832897035657551e-01
