9.741045354878998808e+00 2.212696153540730570e+00 -3.387229642867066737e+00
-1.658564737064111227e+01 9.455383606324412327e-01 -3.089031611335504746e+00
-6.198951670090474764e+00 -4.622077314007739801e+00 2.761993917921787833e+00
6.834775529720183762e+00 -4.068960685237181352e+00 -2.888123519086160051e+00
2.469849797644171119e+01 -7.666789816966085525e+00 -1.641447469212763188e+00
6.820976131678330390e+00 -2.077963623375239877e+00 -1.114260110515367774e+00
1.969259912813129176e+01 -8.776544298410009493e-01 2.604422052478246208e+00
1.838946959591336139e+01 2.269162632644048827e+00 1.113723694049495894e+00
6.582054485304944080e+00 1.023508483300313898e+01 2.485630160224542085e+00
-1.930963775952143990e+01 -4.772761075786307039e+00 -1.168043400401333143e+00
-1.303508594951268051e+01 3.253204779283310089e+00 -5.524856357063470114e+00
-3.568046556102915190e+01 -1.539073730279109498e+01 -2.339896160107045597e-01
-2.027673324864133519e+01 -8.561459136610933829e-01 -1.774599435330162178e+00
-2.736324965631224071e+00 1.271294312245997915e+01 -9.520659983768888779e-01
-1.476084396790487041e+01 1.023066052721162578e+01 -1.241544628773788350e+00
-1.270851180949644110e+00 5.447094007239726920e+00 -2.646674943631052379e+00
1.647833931327602386e+01 -7.027296886248908692e+00 -1.831849508706420604e+00
6.465146404486386444e+00 2.049419412404445584e+00 1.905480956617298549e+00
4.107142639784827409e+00 1.370624964247284971e+01 1.515652466135414933e+00
-2.319698052055826309e+01 -2.542195170710281893e+00 9.880519660167489393e-01
-2.051286158585681108e+01 -1.122490831504099518e+01 1.655452931831630004e+00
-4.001879249020103657e+01 -1.324547359972759519e+00 6.871463309925408325e+00
2.548712046634190997e+01 -8.026871072155426390e+00 -1.177201210908055892e-02
-1.368144446308145135e+01 2.452858986655234474e+01 -1.020181481518586342e+00
2.479518028683336439e+01 -7.057040016795589565e+00 -2.236154616519081983e+00
2.547994548138241200e+01 -7.755459198001450893e+00 -1.329111048091349945e+00
-3.079294626358279885e+01 2.994242189341721705e+00 -6.079915209188328618e+00
-2.746827575082217976e+01 1.201681281324901107e+01 4.042273100347172132e+00
2.548712046634190997e+01 -8.026871072155426390e+00 -1.177201210908055892e-02
2.308169452475235772e+01 -7.408439373564062791e+00 -2.026534516558418098e+00
-4.400579356288569954e+01 -6.588839635652025351e+00 4.046495792817622394e+00
2.547994548138241200e+01 -7.755459198001450893e+00 -1.329111048091349945e+00
-2.746827575082217976e+01 1.201681281324901107e+01 4.042273100347172132e+00
2.371974260616901375e+01 -7.544451493400380571e+00 -1.613308954594217415e+00
-3.765173765539984174e+01 -2.031406764958978428e+00 -3.528692905298677296e+00
2.380315551115051065e+01 -5.879977334071976536e+00 2.003085437739840380e+00
-1.953520937585729200e+01 1.781197014084207719e+00 7.922691377356815501e+00
-1.351626846739105048e+01 -1.777703836563734185e+01 -1.670724286510516743e+00
